6524.969813764677   13881.809085117653
6533.88             13887.35  
6422.53             13947.67  
6433.579465133953   4184.221691295505
6419.15             4191.15   
6520.1              4110.29   
6670.781705003581   12288.55901061371
6677.45             12325.7   
6568.77             12125.1   
7636.801251109457   7451.236497899517
6590.1985448140185  14510.673151831143
6587.85             14534.59  
6633.69             14472.82  
7465.913615067606   14474.161528137513
7471.61             14473.5   
7440.08             14414.08  
7643.681880500517   14036.26221562922
7607.9349999999995  14036.76  
7730.525            13971.2   
6402.77804499038    13657.156728691421
6416.81             13658.75  
6384.5              13598.6   
7482.917057482991   4281.455854672007
7480.4              4306.74   
7489.79             4238.48   
7043.291258244077   13006.651203907095
7054.76             13049.39  
6805.75             13185.09  
7879.1327953061555  13939.579543512315
7901.9              13972.8   
7868.69             13912.08  
6815.240812344826   5254.333382740617
6777.67             5337.05   
6824.24             5232.99   
7216.310351788765   13339.923181315884
7252.29             13394.41  
7216.325            13327.52  
5924.238660691422   13845.873547031544
5905.32             13849.15  
6073.95             13757.86  
6452.389101990149   7537.015274764039
6477.11             7512.21   
6448.03             7597.06   
7919.714509729645   13990.046887685545
7940.2              14042.01  
7907.28             13982.49  
8033.2345772093395  13545.449266484007
8035.26             13537.38  
8068.25             13597.94  
6443.616428097361   13741.077044688165
6452.23             13736.67  
6341.79             13796.55  
6713.249800131307   13637.98821622692
6730.385            13675.57  
6695.925            13611.705 
7682.401475986582   14880.393632665277
7699.0              14893.43  
7666.37             14832.11  
5825.217073065578   13728.656780358404
5857.6              13779.14  
5825.08             13718.71  
7873.571521608625   13920.453568166122
7901.9              13972.8   
7868.69             13912.08  
6548.031452084309   13890.978004277684
6574.31             13950.59  
6541.46             13889.6   
7030.017041770625   12019.258395864628
6931.07             12105.18  
7045.9              12043.19  
7749.284882056294   12060.94558442384
7734.400000000001   12041.277499999998
7758.295            12085.210000000001
6804.951936901547   13774.188275524415
6791.264999999999   13755.395 
6824.195            13815.91  
7262.565696122241   13079.587779491208
7242.01             13048.03  
7347.83             13244.43  
8059.459327003686   14885.805084171705
8056.375            14892.32  
8025.24             14834.61  
6529.575591330184   13873.393508581445
6504.16             13813.94  
6538.96             13878.22  
7427.444164534798   14034.502154559828
7539.605            13978.875 
7431.875            14037.275 
6824.9512389829615  14469.854589310475
6837.56             14459.544999999998
6733.195            14515.39  
8109.828837493085   12749.726003015414
8043.98             12615.275 
8113.5325           12744.785 
7598.099736399832   13226.355151476339
7661.9349999999995  13186.404999999999
7547.35             13247.92  
7835.940472124144   13892.045542825013
7746.045            13962.89  
7857.055            13902.869999999999
6879.741582125542   11772.663214248605
6775.905            11816.46  
6889.110000000001   11755.835 
7459.953716696473   12457.263540730812
7422.005            12399.51  
7456.555            12463.59  
6437.776138657704   7519.900830447674
6445.0              7596.03   
6474.08             7511.18   
8120.046380835702   9410.78305942472
8104.69             9375.64   
8181.71             9548.01   
6127.564295431715   14827.46964565292
6055.014999999999   14695.7   
6128.345            14831.755000000001
6645.733558514854   12283.601397879422
6677.45             12325.7   
6568.77             12125.1   
5993.24676598364    13562.506963119842
6015.64             13516.74  
5794.58             13635.22  
6057.250678346376   13484.490208126605
6137.01             13447.03  
6031.72             13507.11  
7440.671947182971   12775.521765884012
7472.07             12819.42  
7438.675            12757.564999999999
8162.596073460416   12910.458951756358
8002.905000000001   12995.99  
8182.895            12898.085 
7505.002217428642   12885.989409591071
7509.18             12888.58  
7477.3              12829.34  
6787.436093513388   14485.49985508155
6837.56             14459.544999999998
6733.195            14515.39  
6903.623861507047   12413.315945392475
6894.27             12403.42  
6925.36             12462.06  
6199.450216207188   14951.99223286938
6135.68             14845.61  
6208.555            14980.26  
6355.217364333686   14733.18819911778
6360.25             14722.45  
6139.79             14837.65  
5905.261165215867   14470.345364486799
5913.36             14480.15  
5882.77             14422.93  
5719.52195247123    14121.70727593638
5723.63             14123.8975
5691.545            14062.975000000002
6494.336007799604   14670.045759833418
6414.87             14791.535 
6517.48             14639.2   
6948.481748715858   14096.937433160841
6961.68             14103.8   
6929.25             14043.75  
6038.619242030894   13590.150062370114
6025.35             13519.12  
6081.81             13748.68  
6348.081684393575   13331.240061101504
6301.41             13367.35  
6497.9              13261.56  
6457.424931141548   6028.924458681606
6618.98             6042.73   
6352.27             6005.99   
6790.526217099046   13096.377510953695
6764.2              13118.28  
6984.8              12999.48  
7967.511171582621   12966.540267325006
7988.857500000001   12995.4775
7953.549999999999   12931.04  
7056.214266444906   13700.538919731975
6833.25             13817.49  
7043.8              13703.76  
6898.728880055016   11746.208369139582
6893.32             11745.27  
6859.77             11683.58  
7229.909387466614   4743.020804536529
7216.03             4744.8    
7139.02             4918.42   
7756.443257517298   14238.79908727482
7724.96             14254.79  
7847.65             14186.81  
6514.166024450096   11979.214342060499
6558.9              11938.9   
6495.08             11972.72  
6775.125982486294   5322.041535783559
6777.67             5337.05   
6824.24             5232.99   
6744.887277003494   14329.981235793792
6757.65             14310.67  
6700.08             14341.67  
7581.218278244371   13985.532441348769
7567.63             13964.3   
7690.7              13898.46  
6610.216594309895   14019.623923021369
6582.44             13958.94  
6614.61             14018.83  
6583.898766544298   14607.16155014839
6599.945            14587.42  
6546.3150000000005  14616.595 
7833.002592497272   13922.080345653929
7860.075            13908.51  
7749.075            13968.52  
6466.693232335849   4055.018621522002
6470.83             4048.73   
6369.75             4128.96   
6612.149142292445   11914.736040787771
6615.54             11908.11  
6559.18             11938.75  
7866.482281010249   13921.214829859324
7901.9              13972.8   
7868.69             13912.08  
7821.400038097752   14455.582895984873
7827.925            14462.14  
7796.07             14402.67  
6978.125518268556   14899.448822683655
6915.3              14787.93  
7048.62             15060.82  
7927.9714220429305  7611.875982014462
7917.8099999999995  7331.924999999999
6552.554812525515   4151.330047740601
6570.52             4164.84   
6527.97             4111.18   
7349.342654590728   13732.012167855166
7279.8099999999995  13756.365 
7402.745            13689.97  
8003.291489891126   13838.589912957512
8008.0650000000005  13828.57  
7916.389999999999   13877.945 
6404.241581963841   13642.350826794282
6416.81             13658.75  
6384.5              13598.6   
6271.244076907868   13676.345009512268
6261.25             13738.64  
6258.95             13672.48  
7666.621780187241   13842.14087719284
7661.785            13829.555 
7695.200000000001   13889.715 
6721.047143678763   14332.237509888597
6757.65             14310.67  
6700.08             14341.67  
7039.936579904635   12695.744428023696
7038.2              12695.4   
6919.83             12760.15  
7883.209316572524   13921.840788714588
7901.9              13972.8   
7868.69             13912.08  
7869.271057204227   14169.43486242555
7860.34             14179.96  
7975.44             14117.98  
7234.079227551236   13414.676952616312
7250.17             13405.61  
6997.15             13544.16  
7162.6142540613655  12879.754567242227
7127.16             12835.74  
7158.95             12894.87  
6533.456126150326   4565.303006590344
6506.81             4534.35   
6549.06             4587.32   
6160.705987786874   13445.059162668884
6220.77             13407.005000000001
6156.975            13440.265 
6668.455901653389   13723.852210433222
6504.89             13803.53  
6710.55             13692.82  
7773.698836802272   13130.640969185159
7793.1              13113.48  
7673.8              13178.16  
5998.130270846072   14019.54604080785
6011.62             14065.03  
5976.82             14000.44  
6470.313610038604   7438.124810303561
6470.6              7346.66   
6482.56             7495.43   
8116.9447133262875  9401.004437997937
8104.69             9375.64   
8181.71             9548.01   
7360.570387870655   13601.278023638763
7369.69             13612.46  
7337.14             13551.6   
6282.359033845132   14744.603760731407
6360.25             14722.45  
6139.79             14837.65  
6848.208926956053   11771.439123302698
6775.905            11816.46  
6889.110000000001   11755.835 
6944.200664505712   11712.44707313925
6904.57             11747.505000000001
7020.83             11684.725 
5572.592652294668   13755.320551921614
5560.42             13758.97  
5777.66             13641.08  
5698.2421833460685  14070.63324389793
5723.63             14123.8975
5691.545            14062.975000000002
7568.036075316952   12676.680852432735
7442.39             12749.23  
7566.26             12682.24  
6844.31107648951    6004.30821808707
6644.28             5964.45   
6840.83             5991.64   
6887.435955879744   11775.296376244165
6775.905            11816.46  
6889.110000000001   11755.835 
7878.827505123219   13911.623131501488
7901.9              13972.8   
7868.69             13912.08  
6598.769377835793   14008.052200770937
6582.44             13958.94  
6614.61             14018.83  
7635.33836426714    12807.51466596406
7613.51             12754.7   
7646.15             12815.255000000001
6438.817753453273   7540.665656530298
6445.0              7596.03   
6474.08             7511.18   
5612.056902492419   13901.901152756996
5610.349999999999   13911.925 
5578.49             13852.295000000002
6019.831149822101   14632.217911870219
6017.845            14627.619999999999
6049.68             14685.880000000001
7016.499010153464   13523.453135732561
7250.17             13405.61  
6997.15             13544.16  
6346.937886946951   14725.889770448208
6360.25             14722.45  
6139.79             14837.65  
7861.921103582368   13925.818422311917
7901.9              13972.8   
7868.69             13912.08  
7220.436000210582   14603.771297629923
7227.49             14611.98  
7009.25             14731.86  
7175.080291883904   12913.786127874628
7164.51             12905.23  
7197.9              12966.06  
5868.909951145179   4357.111150461249
5922.03             4284.02   
5904.27             4389.73   
8185.2551570116775  13377.036107373424
8220.34             13424.6125
8188.54             13364.9225
6485.233436565031   7483.61876081489
6470.6              7346.66   
6482.56             7495.43   
7495.090795909171   14509.66578034684
7491.5599999999995  14476.515 
7523.549999999999   14536.025 
7880.619762663613   13923.080025159754
7901.9              13972.8   
7868.69             13912.08  
7569.172235614387   13009.585025547072
7622.555            13098.814999999999
7515.995            12901.265 
6657.5973826159025  10047.122353033163
6653.19             10037.23  
6678.44             10082.83  
5972.554158789688   11014.777939400636
5984.12             11039.9   
5951.01             10978.75  
4299.681735593826   7189.869588294998
4396.71             7136.01   
4280.73             7198.37   
4514.559012105805   11644.38103007339
4518.35             11647.484999999999
4486.045            11587.439999999999
7272.621383459074   14117.344417099841
7278.51             14114.075 
7245.245            14054.1   
7842.075417220942   13278.430982024409
7751.44             13322.7   
7871.5              13257.82  
4439.40205830487    10854.491230932064
4549.5              10794.03  
4329.17             10912.69  
7328.445944669889   7272.191169356927
7398.48             7136.77   
7329.03             7264.94   
6055.023168901564   14052.408129959367
6022.02             14065.76  
6153.36             13994.51  
6181.772906306665   14381.295694752596
6204.66             14420.71  
6172.33             14361.28  
6882.009260076215   7002.146224733442
6692.02             6817.675  
5088.6786152413115  9405.163068427704
5134.58             9469.39   
5104.96             9414.11   
4323.502369936788   10798.934317843989
4507.18             10716.03  
4298.66             10828.91  
6203.65252883709    6945.795471058227
6195.34             6925.28   
6206.82             6988.1    
6443.873598825769   13719.480404445902
6424.93             13667.1   
6457.32             13727.53  
6636.146633127355   14058.050521763973
6619.92             14028.7   
6652.5              14089.22  
5546.401518627186   13738.494434697554
5518.73             13702.03  
5548.55             13758.22  
5990.089210830745   11056.490530024283
6022.2              11111.28  
5989.18             11049.75  
5865.364531506668   14469.873180741444
5848.02             14521.21  
5908.28             14489.37  
4752.210364368511   12023.659898503684
4770.7975           12070.715 
4735.032499999999   12014.7575
6198.2826632249635  14400.126805693842
6204.66             14420.71  
6172.33             14361.28  
5825.202456012252   14491.844797808677
5837.58             14520.44  
5808.85             14466.94  
6451.239350260235   11532.496178291738
6553.03             11481.59  
6440.18             11542.3   
7948.461345378775   13848.513771467842
8008.0650000000005  13828.57  
7916.389999999999   13877.945 
6033.299752951134   14093.232343651354
6090.6              14211.32  
6018.45             14077.7   
7529.028440324357   11960.454523492604
7463.84             11998.73  
7646.54             11899.99  
7336.231900248327   14233.308266610838
7358.715            14263.635 
7326.3099999999995  14204.05  
4057.6260751063237  8735.01779471431
4086.65             8756.08   
4054.79             8697.37   
4574.5278960892465  8428.035641595721
4602.44             8478.85   
4569.39             8419.2    
5812.122131296084   14291.787236810662
5844.1              14350.32  
5770.16             14211.38  
4421.994626212516   9526.559980447404
4462.655000000001   9473.035  
4321.16             9549.45   
6525.33827715239    13850.896239386871
6504.16             13813.94  
6538.96             13878.22  
8036.84229402442    13088.508600029163
8069.6475           13143.814999999999
8036.985000000001   13083.625 
6516.604661620688   11071.6353307385
6506.535            11050.685000000001
6393.105            11111.255000000001
7749.722692424199   14954.47724748496
7721.84             14905.005000000001
7754.74             14966.06  
7501.500412272522   7506.359824371524
7552.73             7494.81   
7491.6              7509.54   
8107.750000799773   9415.716342634521
8104.69             9375.64   
8181.71             9548.01   
4359.269466253114   9049.37450731732
4287.05             9106.55   
4509.54             8986.96   
6601.230591021129   10886.293855211698
6573.6425           10826.24  
6606.6849999999995  10887.380000000001
3396.6124502810417  8695.637745876797
3403.29             8676.085  
3311.7200000000003  8725.57   
7790.308494549245   13939.775633368641
7860.075            13908.51  
7749.075            13968.52  
8198.046373619232   12853.713316293433
8203.875            12886.67  
8375.72             12793.544999999998
6653.502948014764   9310.146734978072
7835.795678517781   13797.597517240793
7811.2              13749.32  
7844.36             13809.55  
6079.260166579043   14396.596487860195
5942.36             14471.07  
6161.69             14353.44  
7313.090938896406   14391.428393466398
7393.76             14342.96  
7180.07             14457.84  
4719.863833384006   8337.401380678639
4823.975            8265.119999999999
5971.794546493911   12982.450535534881
5919.43             13012.47  
6028.51             12954.56  
5257.49175981374    12963.862263167277
5270.485            12994.455 
5237.74             12934.365000000002
7310.557472347631   11710.911336985417
7335.9575           11788.830000000002
7285.455            11693.935000000001
8021.021573150996   13809.581502059475
8073.54             13793.34  
8020.889999999999   13821.75  
7048.779302046751   13032.128430528566
7054.76             13049.39  
6805.75             13185.09  
5350.9661043765955  8897.051626985893
5231.754999999999   8958.57   
5345.424999999999   8896.445  
5352.734807459172   7813.712865551934
5240.03             7869.78   
5422.22             7771.82   
2374.457570358296   7616.722552712075
2262.02             7666.0    
2482.67             7543.99   
5622.145102132345   9386.864314795472
5621.44             9387.77   
5589.07             9327.68   
6648.054117203108   11063.460751504637
6681.84             11048.8   
6562.36             11113.3   
5895.126328512444   14619.729109103791
5847.24             14531.62  
5919.07             14664.71  
7152.146062104381   10693.401217265055
7110.945            10717.345000000001
7222.42             10656.635 
6536.364241746138   4103.703693548217
6528.84             4103.26   
6625.73             4025.97   
6625.666207043105   9484.305602923967
5603.20541622641    8862.324562923983
5709.695            8801.135  
5545.68             8889.71   
6523.904345650808   4121.766867223196
6570.52             4164.84   
6527.97             4111.18   
6721.680532042868   14333.092126302421
6757.65             14310.67  
6700.08             14341.67  
4950.934483766323   12371.574715089984
4946.5              12354.385 
4978.6224999999995  12412.755 
7178.245519274613   14472.818652383983
7175.105            14467.25  
7206.795            14526.82  
5015.323912709835   12535.383792039007
5037.385            12562.685000000001
5004.98             12503.605 
6223.529640365392   11135.067670785822
6201.45             11118.03  
6235.7              11180.63  
5910.0259721326875  4095.0161526203156
5828.72             4146.66   
5932.0              4072.3    
5367.842284451472   9927.671375362203
5400.06             9958.28   
5367.6              9898.28   
5958.914214966004   11024.781040066853
5984.12             11039.9   
5951.01             10978.75  
5457.602846264141   9413.727038715035
5458.95             9397.7    
5491.45             9457.67   
8034.0613527460955  14910.48511885386
7802.43             15036.2   
8052.72             14900.67  
6222.827365210396   10814.45367441047
6192.39             10757.77  
6225.11             10818.58  
5086.950384638505   8837.62831780035
5015.219999999999   8894.814999999999
5126.05             8834.985  
5385.870909247082   7789.53786591813
5240.03             7869.78   
5422.22             7771.82   
6315.5839885468595  14927.114253394306
6407.955            14813.19  
6283.9              14995.44  
5935.481603193912   13874.80620524101
6075.47             13760.67  
5906.84             13851.96  
6415.325161109795   14495.459619551897
6519.27             14438.57  
6291.25             14563.41  
6581.796562136733   12192.628570088185
6677.45             12325.7   
6568.77             12125.1   
6071.525410615141   14180.507830403745
6090.6              14211.32  
6018.45             14077.7   
5628.024323944235   10363.56991147995
5634.24             10391.08  
5601.2              10329.9   
5985.650908725918   13986.363389576785
5981.93             13991.39  
6116.16             13919.78  
6794.6096014091745  11892.773108353838
6775.055            11832.425 
6809.639999999999   11892.615 
6192.4667219031835  10442.66547141783
6196.62             10453.8   
6164.15             10394.0   
4069.023075742065   4181.940969819203
4062.255            4159.7    
6964.393921811134   4851.653524423949
6944.03             4844.77   
6971.04             4890.17   
6067.486312972265   14412.550736836158
5942.36             14471.07  
6161.69             14353.44  
5678.711851510918   13435.119073810987
5677.45             13435.92  
5709.73             13496.04  
7327.895066196565   14177.302632881328
7296.79             14117.055 
7329.815            14178.685000000001
6944.499819181277   13462.02664460428
7207.33             13325.8   
6954.76             13466.02  
5402.349398786551   8525.3823834965
5350.74             8535.53   
5517.33             8443.94   
8118.253115248401   9399.326199376956
8104.69             9375.64   
8181.71             9548.01   
3137.941348696244   7547.913399233483
3136.07             7548.48   
3358.39             7428.33   
5196.1380670109065  9138.334794142283
5170.95             9185.89   
5282.42             9125.5    
5480.177911263192   9137.011083504185
5350.424999999999   9177.685000000001
5462.445            9117.725  
5812.174965765094   9710.556886305101
5810.19             9737.0    
5777.93             9677.21   
5931.226576421759   14451.594238481484
5899.645            14413.82  
5930.525            14471.05  
5673.518198468839   13438.86947251577
5677.45             13435.92  
5709.73             13496.04  
7597.6451382878     11929.51721130684
7463.84             11998.73  
7646.54             11899.99  
3636.365573999705   5378.038747520186
3640.08             5391.92   
3609.445            5336.58   
6924.287923212396   13859.897485244088
7084.01             13772.81  
6872.41             13886.49  
6749.272556868615   14501.561081997119
6837.56             14459.544999999998
6733.195            14515.39  
5863.400242021657   10498.485930472612
5850.44             10470.68  
5883.99             10532.25  
7344.974643900758   14202.072575016879
7339.6              14196.91  
7371.52             14256.67  
5548.793763210648   8067.5866848239675
5391.43             8149.33   
5568.09             8059.92   
5294.868520154734   13015.123885763809
5308.08             13064.845 
5276.4075           13005.635 
5610.005088603706   9378.674441914074
5621.44             9387.77   
5589.07             9327.68   
7817.628390422207   13117.619195134379
7806.19             13112.04  
7841.2              13176.44  
5959.479975408409   13913.6309643602
5944.2              13921.32  
6095.86             13839.13  
6266.28180766548    11547.238253832795
6263.85             11545.13  
6386.22             11479.32  
8070.388360874145   13931.732110284269
8088.5              13962.595000000001
8055.9349999999995  13902.855 
6996.461834252463   13530.412939674221
7250.17             13405.61  
6997.15             13544.16  
6404.385970152332   4200.392370605841
6309.65             4278.72   
6410.45             4198.14   
7224.478584627039   11587.479128245264
7215.52             11586.77  
7047.895            11677.134999999998
7266.371665657614   7559.863877808675
7291.92             7554.58   
7438.14             7519.06   
6651.52844552754    12067.673877680674
6572.41             12116.75  
6691.9              12052.5   
5065.111255091964   9327.806811149232
5072.02             9329.44   
5189.22             9265.43   
