2872.484585726401   5319.505638101138
2835.416666666667   5343.653333333334
2877.4312662463003  5359.142136147214
2899.140204179295   5260.999314085181
2943.7366666666667  5274.91   
2940.060192926045   5319.432958199357
4176.812440877431   9517.795588353649
4223.226635590896   9499.530012338908
4200.796666666666   9546.07   
8078.088784206659   15281.680169228464
8085.55199957992    15328.84193446755
8107.093333333333   15285.949999999999
8108.746483532288   15230.146902056666
2666.6019004584523  4113.02862783242
2736.443333333333   4077.2166666666667
2729.691666666667   4117.306666666666
2554.970665507822   4191.133978147504
2572.4166666666665  4148.906666666667
4497.697756217676   6972.668420795351
4484.026666666667   6911.155  
4453.153333333334   6894.623333333334
4541.103813873822   6969.54152440765
4517.4400000000005  7014.22   
5187.094453866477   7720.454115901142
5316.681666666666   7645.325  
5175.941666666667   7722.573333333333
4710.418210737756   12003.805040691048
4689.51             12022.585000000001
4724.7925           11967.458333333334
4746.954166666666   12033.41  
4780.219019774975   11980.871926355268
4633.72             12080.143333333333
4588.2861175207945  12084.434458009122
4612.263333333333   12047.003333333334
4661.17             12037.914999999999
3819.7817572728964  4783.912200414576
3847.0702588503996  4748.4249676437
3809.6266666666666  4760.09   
3862.905            4861.7725 
4861.030944780447   6706.226880704984
4895.623503688093   6691.499578503688
4848.448333333333   6689.258333333334
4976.606496311908   6648.180421496311
3659.3943275312195  7711.81748203747
3833.4240025015633  7618.396722951845
3540.8824999999997  7744.89   
4458.546723250765   7907.797866931185
4449.798333333333   7834.473333333333
4420.383333333333   7818.316666666667
4506.3027649662245  7893.386846028418
4483.763333333333   7937.32   
3797.357063316391   6495.607477052137
3651.7401004976095  6548.460401990438
3687.8966666666665  6558.836666666667
3837.623333333333   6417.511666666666
3885.84             6421.79   
3872.1966666666667  6459.143333333333
4414.397783428081   8154.309716543183
4466.533333333333   8229.326666666666
4488.994332833583   8185.814182908546
4396.816666666667   8099.153333333333
4257.301082783379   11391.126043668017
4282.096666666666   11434.806666666665
4307.713333333333   11388.863333333333
4265.475            11394.056666666667
4139.126666666667   11512.476666666667
4101.5233333333335  11467.61  
5099.657422658405   12689.59594115708
5129.28             12688.15  
5091.261666666666   12725.101666666667
5173.247100371747   12688.122267657993
5133.653333333334   12744.09  
5067.441666666667   12621.293333333333
2052.1161081643077  3314.606219048612
2062.9              3338.98   
2162.6              3205.653333333333
2163.4366666666665  3250.5333333333333
3866.5815235167975  4409.642998456955
3903.4241490874615  4421.282337046694
3883.9797471579773  4352.2468874951
3920.79             4376.326666666667
3801.4566666666665  4422.316666666667
3811.873873520884   4380.134204999608
4302.352044508909   10454.394618565217
4399.231410412334   10413.484481933383
4378.66             10456.666666666666
4283.293333333333   10514.603333333333
4230.762271718112   10504.152482274581
4265.806666666667   10447.893333333333
7335.082757181255   10895.896417438053
3941.1645113971317  4995.6974186543375
3892.5922010398613  5002.489682264587
3915.0033333333336  4958.8133333333335
3977.0441666666666  5074.306666666666
3928.3906195117243  5069.141671330695
2800.2328818336828  5389.736269005574
2770.91             5384.38   
2774.777848896568   5339.961013900887
2897.826666666667   5535.0633333333335
2859.293333333333   5525.266666666666
3591.466161133256   6548.082456917502
3545.8206119822535  6605.093413485962
3592.67             6610.336666666667
3678.76             6512.736666666667
3713.5160313901347  6515.2060986547085
4475.4211837738985  8816.823253642768
4408.281412070801   8861.91081286711
4429.951666666667   8817.018333333333
5378.6390135141555  9793.27652946394
5450.721666666666   9725.836666666666
5499.273546346093   9730.797899398924
5286.525            9831.145  
5313.4766666666665  9798.77   
4263.893593473942   10044.49684299808
4275.089166666667   10059.44  
4331.467195988299   9999.210052235687
4294.423333333333   9988.806666666665
4142.005485609357   10102.252186739053
4163.350833333334   10056.546666666667
5570.3394309636205  8509.108017442748
5529.765720306055   8527.044462310956
5552.1866666666665  8480.029999999999
1710.6240890048211  3850.3224594695494
1700.5              3839.3766666666666
1636.3275762321962  3712.6230629925117
1663.9866666666667  3656.4700000000003
1701.3183333333334  3714.5875 
4830.043603622704   7075.125480144285
4811.058333333333   7104.474444444444
4843.135596755504   7072.561796060255
5012.248333333333   6993.03   
4972.334403244497   7002.198203939745
3525.763386253733   7070.350808839314
3510.6725           7110.925000000001
3461.6583412322275  7105.306445497631
4335.333090172033   11502.610708625987
4313.089999999999   11495.598333333333
4271.941567297394   11497.668475544448
4295.53             11453.073333333334
4389.683333333333   11400.246666666666
4451.938741771961   11400.78974199894
4429.806666666666   11446.845 
6192.361523951287   10097.759953374974
6146.548047914818   10120.968003549246
6168.785            10076.524166666666
6359.665            9973.630833333333
4142.696935475804   11493.270361509174
4282.096666666666   11434.806666666665
4307.713333333333   11388.863333333333
4265.475            11394.056666666667
4139.126666666667   11512.476666666667
4101.5233333333335  11467.61  
2747.022200122825   6184.042713432573
2711.516666666667   6262.09   
2743.0316666666668  6263.503333333333
2769.8399999999997  6137.0233333333335
2750.9133333333334  6185.043333333333
4208.219066763413   6835.528841723688
4073.0800000000004  6832.413333333333
4043.3086547085204  6880.678878923767
4090.765            6886.9366666666665
4205.7266666666665  6761.053333333333
4253.194672332811   6767.379467680609
3183.562794258236   7665.278167748824
3156.1033333333335  7606.123333333334
3202.2003389966985  7602.810593445527
3236.5783062229516  7672.704379943292
3214.891666666667   7717.705  
4240.170495308819   7699.98394603841
4200.176666666666   7734.183333333333
4149.8963916456305  7729.159520557419
4358.028037526915   7616.880550599815
4335.838333333333   7660.5125 
3454.6640969429864  5348.588517463766
3395.8216666666667  5250.545000000001
3376.9              5294.453333333333
3541.7933333333335  5480.81   
5686.658625346026   8231.144443349913
5912.739999999999   8163.77   
4293.5833436955     10540.89055886399
4282.44             10448.203333333333
4313.53             10459.593333333332
4319.857249411149   10547.10969118032
4285.3              10603.863333333335
2244.598077367875   3789.949256976135
2140.5742666295573  3842.8591928750348
2162.31             3799.9566666666665
2212.603322196701   3805.7699718103986
2301.3433333333332  3715.55   
2330.191666666667   3728.6816666666664
2284.596677803299   3763.1400281896013
4030.757776442333   9789.775179617107
4041.27             9828.816666666666
3992.752645815392   9820.446991701245
6916.568403913756   11000.792337822728
6923.076666666667   11018.953333333335
6881.902963765871   11030.993710126975
6845.771534526854   10960.282685421995
6878.0025000000005  10934.983333333334
3524.5614980219398  7050.020015256479
3510.6725           7110.925000000001
3461.6583412322275  7105.306445497631
3723.118118627928   7508.492827359587
3750.1566666666668  7485.06   
3716.3966666666665  7491.0233333333335
3779.0733333333333  7559.26   
3773.4700000000003  7593.5633333333335
5592.243210206507   9344.702564129606
5637.651666666667   9417.576666666666
5659.599104100007   9373.413041148895
5572.97             9297.693333333333
5620.551626878868   9304.143023872679
7484.299737655558   12066.220857735723
7480.683333333333   12054.8375
1963.2026485315291  4262.829969934188
1841.93996267435    4271.530034706306
1795.8765687839132  4239.251928662624
1964.5666666666668  4223.03   
2003.9450644163876  4246.396458387014
1933.63003732565    4257.839965293694
2382.8597287382     6722.245823592879
2414.128333333333   6806.929999999999
2439.791523240838   6773.485862311205
2378.2400000000002  6685.81   
2416.4694361369384  6682.007156262051
4281.8827264514985  10254.538311014883
4288.76             10171.846666666666
4325.072793771002   10272.060835799188
4283.77             10330.36  
2163.549466514378   3830.55521702487
2140.5742666295573  3842.8591928750348
2162.31             3799.9566666666665
2212.603322196701   3805.7699718103986
2037.0041851394396  3907.841597217708
2054.148333333333   3863.7483333333334
2099.4657333704426  3867.2308071249654
6827.653150878847   6819.584879475646
6822.163333333333   6809.266666666666
7015.737539026802   6824.767409217226
5971.393070954364   8755.536592234857
5934.216666666666   8868.193333333333
6138.813574546898   8793.648760418044
4113.582211023197   4299.029863551259
4200.2266666666665  4268.79   
4162.2410002387205  4245.166605395082
4115.950945999211   4339.279751675207
4077.69             4315.873333333333
5388.178847757867   8607.552834067494
5394.4366666666665  8599.406666666668
5363.283333333334   8583.599999999999
5451.602364089517   8659.352758450596
5428.586666666667   8705.67   
4321.403445116011   10012.856572096236
4429.723333333333   9980.03   
4292.38             10059.886666666667
4238.586666666667   10048.383333333333
4276.5675           9988.548333333332
3895.297672457644   10679.942191520706
3842.6833333333334  10605.796666666667
3808.3733333333334  10642.333333333332
3863.5116666666668  10661.15  
3885.7880730543175  10604.099204370637
3902.07             10722.33  
2737.6905898620607  5601.408004537225
2833.2733333333335  5575.676666666666
2840.9866666666667  5536.783333333334
2721.4025           5645.095  
5643.161440754193   8440.465180426836
5808.322036793692   8377.150996971946
5761.341111111112   8381.843888888889
5529.765720306055   8527.044462310956
5552.1866666666665  8480.029999999999
5891.7288324504625  10067.443872890435
5874.341108473772   10081.744048184191
5786.002973484849   10122.285871212121
5822.723333333333   10067.753333333334
5837.929999999999   10136.686666666666
5950.843333333333   9998.473333333333
6000.819958677686   10006.040553942374
5932.788891526228   10050.250951815808
2462.855109797092   7486.313716111705
2415.0648834274725  7481.634207426992
2439.0066666666667  7434.846666666666
2495.0722027330207  7447.191883540689
2532.957593704365   7516.846672075288
2507.8366666666666  7562.205  
3523.032380234101   7726.9025731300935
3591.4480447585397  7750.137220259128
3568.1266666666666  7795.3133333333335
3503.0733333333333  7675.0199999999995
3553.164392346758   7679.3078811857795
5089.658602321404   9386.540813580155
5040.403333333333   9349.246666666666
5071.446666666667   9352.026666666667
5234.039134025484   9240.240412930627
5208.681666666666   9279.574999999999
2720.147971346858   6349.047646801919
2659.7              6372.570000000001
2682.4133333333334  6331.386666666666
2632.1642841503467  6351.1041552122615
2753.4258333333332  6281.559166666667
2802.232526215443   6285.456673021926
3618.0833237206098  9056.596318014897
3658.515            9118.326666666666
3608.4282948169653  9110.537242908149
3570.701715047858   9040.54505413463
3593.1333333333337  8997.011666666667
4611.325347950915   7497.681572139263
4649.16             7582.093333333333
4670.711401225115   7536.78843797856
4584.178333333334   7461.683333333333
4633.343036017931   7467.947794094915
2791.730825119186   5780.4341700822115
2769.4466666666667  5735.3125 
2748.4648106884847  5781.670445643659
2834.455            5855.831666666667
2797.0633333333335  5842.65   
3820.576812615036   6363.9812095547095
3760.626666666667   6320.816666666667
3775.411666666667   6279.685  
3793.4333333333334  6335.66   
3837.088333333333   6393.918333333333
3782.224054317458   6393.242485218634
3802.806666666667   6353.14   
6348.979782187962   10022.901921946555
6168.785            10076.524166666666
6359.665            9973.630833333333
6410.241823350652   9978.675808254093
5955.020792130148   8740.798980005085
5963.440256410257   8666.289230769231
5882.8934912718205  8700.64753797325
5910.167777777778   8659.364444444444
6000.6237474477775  8738.175508088581
5971.21             8772.193333333333
5999.6829836088     9297.108990258537
5988.874359160029   9376.05950967208
6037.98             9378.266666666666
5975.453333333334   9261.953333333333
6025.181994817386   9265.99612379602
3648.0397105187876  10105.879606956616
3817.3366666666666  9987.174166666668
3593.9416666666666  10146.823333333332
3544.208554056622   10154.1196199886
3568.9666666666667  10119.086666666666
2495.7783003458753  6906.600615645759
2443.500746557235   6946.606695734523
2462.0433333333335  6906.01   
4619.562010814203   5504.930359624326
4520.192228443981   5553.21898305889
4473.04             5539.76   
4453.153808909307   5585.199176173024
4668.63             5436.053333333333
4717.335150828663   5444.600104924288
4653.247771556019   5482.42101694111
4413.253686912707   6812.926063759252
4429.973234518409   6761.297180082287
4379.5233333333335  6756.456666666667
4466.987326042163   6830.7112363290535
4442.886666666666   6875.196666666667
4966.163016836508   11399.82948494982
4945.117028383253   11422.153321310963
4918.706666666667   11458.332499999999
4888.755            11453.685 
5045.336666666667   11362.243333333334
2655.533138174913   4217.3735459297895
2597.5266189527088  4258.812029353144
2642.7983333333336  4260.785  
2743.5383333333334  4137.723333333332
2783.6133333333332  4150.0633333333335
3598.6725909016095  6839.3753325352445
3457.3874966622166  6926.959599465955
3404.5466666666666  6913.8966666666665
3647.9158333333335  6812.751666666666
5043.527568044607   9296.294400798157
5040.403333333333   9349.246666666666
5071.446666666667   9352.026666666667
5009.64             9237.541666666666
5057.786666666667   9247.263333333334
3603.1954362322576  6247.681590920314
3405.6110502159827  6342.711573974082
3451.7              6347.73   
3587.4166666666665  6212.876666666667
4094.60389482521    7218.68320770096
4080.0733333333333  7186.4366666666665
4059.1752630448786  7229.51227614344
4143.256666666667   7303.066666666667
4096.2349747382295  7297.541278465255
5754.785751329502   8861.447772162035
5562.333333333333   8936.68   
5755.67             8856.153333333334
5789.3133333333335  8852.403333333334
4216.426442655269   10170.956250639632
4254.286666666667   10226.26  
4201.3758333333335  10127.896666666666
4442.287690102938   5475.670270008035
4458.536666666667   5519.26   
4478.386577693041   5473.923584366063
4433.29             5465.38   
4391.923333333333   5395.466666666667
4439.792329940063   5402.556329559508
4422.2              5444.87   
5946.440327221062   9223.759087507613
5965.236666666667   9242.896666666667
5982.12             9199.476666666667
5773.92             9343.550833333335
6007.485394182848   9786.2586563956
5973.356666666666   9713.329166666668
6022.3564105198275  9719.075872200534
6058.700124223603   9789.195900621118
6036.956666666666   9833.748333333335
2238.718375062919   6117.4356874721125
2198.928258353065   6044.271068139963
2228.1466666666665  6024.1866666666665
2252.633333333333   6161.3966666666665
2211.6585004458134  6126.6754024479205
2687.007286933018   9023.734962968156
3637.2444693702273  4946.234290065244
3466.760723397384   5049.064543839819
3506.2566666666667  5008.433333333333
3506.568333333333   5058.794999999999
3645.82             4941.45   
3686.3536874489255  4931.144065279046
7127.811253166408   10057.398673559539
6195.221801083651   10568.200253844261
6265.141666666667   10526.011666666667
6205.363333333334   10552.713333333333
6251.420833333334   10555.403333333334
6140.543333333333   10595.003333333334
4544.075261657941   7145.291858673096
4407.70787326191    7219.436122635058
4457.679166666667   7226.94   
4615.576157820573   7107.520491623611
4592.846666666666   7153.933333333333
3039.433979258407   6253.656151034869
3038.48             6234.366666666667
3081.9013485071814  6226.388228841737
3544.6986237221863  8912.089480730705
3582.7191666666668  8977.715833333332
3533.2524428184706  8971.217043234337
3495.3982352941175  8900.81705882353
3517.076666666667   8855.774166666668
6434.221990895108   10889.343959589489
6448.18             10920.58  
6400.3035158412795  10913.757170101508
6362.065384615385   10842.903076923076
6382.653333333334   10799.156666666668
4706.6020419193665  8632.32999741286
4786.556666666667   8566.023333333333
4643.537066115702   8642.679586776858
4664.836666666666   8596.529166666667
3789.2433944277     7412.11049554497
3823.5509837432264  7445.187365568987
3795.71             7493.046666666667
3777.06             7350.173333333333
3811.6734229494396  7362.553128847267
4234.447905110312   8281.230031956919
4466.533333333333   8229.326666666666
4193.428333333333   8378.68   
4143.361407208135   8371.035075364956
4256.49775266333    8411.048630123958
4181.1760988101805  8441.010105586636
4203.746666666667   8397.7775 
5434.166973619256   9334.849033899605
5452.789310901129   9304.270914957364
5405.516666666666   9298.496666666666
5490.4332688320665  9374.367470628888
5469.783333333333   9417.69   
5381.764597867732   11731.889252102003
5397.253333333333   11775.218333333332
5375.083333333333   11720.5   
5327.525            11685.766666666666
5331.176666666667   11648.76  
5365.361666666667   11657.116666666667
5364.741666666667   11701.27  
7008.014782026061   9833.69421605207
8207.269173187204   13444.896562388167
8019.056666666666   13507.58  
8209.74             13404.715833333334
8234.163333333332   13423.973333333333
7302.35525964282    17411.314986203797
7191.018907081758   17436.57831344763
7372.53975743936    17336.450987746935
7395.08             17352.63  
7376.763333333333   17394.893333333333
2666.6019004584523  4113.02862783242
2736.443333333333   4077.2166666666667
2729.691666666667   4117.306666666666
2554.970665507822   4191.133978147504
2572.4166666666665  4148.906666666667
4925.204126738594   7791.109455869533
4948.956666666666   7745.820000000001
4905.413333333334   7734.5233333333335
4882.224477748891   7780.109668144976
4994.665627835987   7811.0850569259965
4975.110000000001   7863.626666666667
4923.36971045413    7856.450813776288
5692.936563911731   13973.34783374425
5680.053333333333   14003.836666666666
5615.3312383962075  14006.385980643887
5637.346666666666   13962.093333333334
6620.168733395054   11354.860501392744
6524.266666666666   11372.710000000001
6536.12             11431.626666666665
6488.307062675398   11424.572123479888
6654.34             11302.84  
6701.935435821993   11309.302692166237
1500.3043362532044  3833.1972788730636
1494.28             3818.71   
1476.0966666666668  3852.3333333333335
1511.6666666666667  3855.603333333333
1447.92             3908.0666666666666
5213.087518917047   13125.583508159034
5314.68             13035.16  
5324.336666666667   13094.758333333333
5362.608931242021   13041.870625569944
5202.616666666667   13135.03  
5165.583369170718   13148.063235636513
5189.696666666667   13117.703333333333
7014.345785011072   11652.22996329423
7028.097028676022   11586.72470408786
6989.6466666666665  11600.723333333333
7071.297317842498   11657.249903795606
7049.529444444444   11708.80388888889
6997.5948972188635  11704.545214631198
6034.0993006945355  9349.142048029229
5988.874359160029   9376.05950967208
6037.98             9378.266666666666
6238.116666666667   9267.533333333333
4622.026814259938   8471.472444954328
4771.606666666667   8393.616666666667
4734.013333333333   8398.556666666667
4569.587092125579   8502.970283067421
4591.423333333333   8458.966666666667
3695.4385563384276  5489.5767117049545
3686.3833333333337  5482.2    
3671.3250000000003  5437.053333333333
3652.4466666666667  5479.246666666667
6971.67515456758    10620.306774859317
6927.0597537374815  10629.09919541342
6948.826666666667   10584.641666666666
6994.606666666667   10669.75  
8136.515331827337   13025.141045078635
8272.386486814186   12950.465383449531
8230.439999999999   12961.119999999999
7998.72356468829    13097.863486309492
8028.3975           13068.2275
2392.852259319625   7233.723231361248
2328.9333333333334  7230.471666666666
4730.521178804571   8079.49471181538
4816.066666666667   8280.08   
4677.7266666666665  8009.89   
3999.441748796962   11088.821186929941
4116.052123041541   11031.898105505246
4083.736666666666   11070.758333333333
4035.3849999999998  11065.791666666666
4068.5499999999997  11024.83  
3984.3766666666666  11134.593333333334
3960.39             11110.463333333333
4006.19             11081.228333333334
6228.873982544406   10911.55124446936
6300.384615384615   10875.996923076924
6252.503333333333   10869.02  
6264.51             10927.873333333333
6135.816666666667   10996.563333333334
6088.261208791208   10990.115164835164
4024.445596456295   10948.22267880477
3998.185635801346   10989.33147535019
4039.2933333333335  10987.508333333333
4070.091963251951   10952.232579914422
3961.1667392359427  10920.605995978645
3975.4572549076047  10868.294464049279
4031.2880122799515  10879.796321843547
6952.0833320687525  4320.057534064166
7043.650415081287   4367.254254583189
7055.7266666666665  4304.506666666667
7087.044410384736   4337.412211448233
6859.783333333333   4323.606666666667
6849.41             4293.820000000001
4010.8875500492286  10880.00892560929
4007.03             10927.261666666667
3959.3835034060894  10917.95092868066
3981.0789396730374  10865.235983191342
6920.125232275925   15003.591613190249
6836.069295126211   14915.613678361646
6852.846666666666   14872.140000000001
1984.6242231247015  3441.296975889243
2096.701666666667   3396.8083333333334
2117.3078004073323  3354.502382892057
1980.3666666666666  3465.2966666666666
5344.910397441359   9452.483878728002
5299.026666666667   9444.906666666668
5278.262592592592   9488.205294117646
5427.33             9376.113333333333
5490.4332688320665  9374.367470628888
5469.783333333333   9417.69   
3538.1303047081456  7133.10919264704
3521.455            7130.7925000000005
3499.4119298593223  7174.6171587081435
3720.3266666666664  7055.746666666667
3036.576405458036   6466.895733210258
3113.9691666666663  6374.345  
3163.5400432722026  6380.898778075418
2852.0687298067787  6549.270639847957
2878.9666666666667  6517.26   
3313.7208602747414  9067.53260381706
3276.0866666666666  8986.706666666667
3323.7217647058824  8993.29294117647
3361.862557181529   9063.997956765665
3341.543333333333   9108.033333333335
4696.629863649607   7973.850516070612
4626.803112251283   7876.950212739332
4611.263333333333   7837.1    
4720.928309244848   8017.322049089199
4674.826887748717   7964.459787260668
4605.044525019359   12045.431297798641
4444.333882479206   12162.205541990877
4612.263333333333   12047.003333333334
4661.17             12037.914999999999
4633.72             12080.143333333333
4588.2861175207945  12084.434458009122
5624.335163241602   8583.796033161692
5679.43446722104    8628.028557339007
5655.26             8671.706666666667
5591.35             8551.0    
5641.953070751277   8555.837060539752
4513.027686299523   10808.896127560176
4521.567151931605   10805.435160800607
4594.219488920658   10769.92795925661
4566.216666666667   10803.209166666667
4354.012848068395   10895.674839199391
2873.2016391730867  4426.237836286426
2812.8766666666666  4329.37   
2869.06             4433.253333333333
2871.9541335227273  4473.280390625
4208.219066763413   6835.528841723688
4073.0800000000004  6832.413333333333
4043.3086547085204  6880.678878923767
4090.765            6886.9366666666665
4205.7266666666665  6761.053333333333
4253.194672332811   6767.379467680609
5339.23473368329    8641.728229618631
5394.4366666666665  8599.406666666668
5363.283333333334   8583.599999999999
5203.746666666667   8702.36   
5227.7875           8656.318333333335
5098.544625964947   11337.319084810093
5173.37             11360.361666666666
5205.5216666666665  11407.34  
4743.271500421106   5956.23151969444
4872.650444620327   5885.867083663113
4931.0199999999995  5858.213333333333
4675.099521254643   5995.624742055304
4736.179555379673   5958.912916336887
3978.674701546668   10760.953148826025
3904.8              10727.439999999999
4031.2880122799515  10879.796321843547
4012.7166666666662  10924.33  
3961.1667392359427  10920.605995978645
4611.415740936296   11607.297493397258
4666.285            11563.98  
4550.9974999999995  11668.843333333334
4487.13             11671.003333333334
4507.581666666667   11627.47  
3427.072173292516   10024.734331135638
3330.345            10076.804999999998
3460.5266666666666  10005.24  
2609.882942488184   4205.641927752644
2597.5266189527088  4258.812029353144
2642.7983333333336  4260.785  
2554.970665507822   4191.133978147504
2572.4166666666665  4148.906666666667
3376.4138539527776  7966.358692604117
3343.9808333333335  7957.196666666667
3315.78290199866    7990.251270154137
3352.544316123589   5032.449944118969
3295.4533333333334  5051.8533333333335
3290.4500000000003  5017.176666666666
3351.0899999999997  4994.1    
3383.7633333333333  5019.8533333333335
4401.273206461105   9931.07219516486
4364.8175862068965  9851.54632183908
4350.1033333333335  9898.783333333333
4434.0              9977.851666666667
4363.240402244148   10901.857152554207
4521.567151931605   10805.435160800607
4333.448333333334   10943.426666666666
4304.286666666667   10926.216666666667
4354.012848068395   10895.674839199391
7067.245413206867   12716.25304880552
7034.81             12663.866666666667
7123.606125378848   12740.135672356038
7100.18             12785.286666666667
3862.47444020689    9158.555885847658
3726.4766666666665  9244.4    
3684.157058823529   9251.020294117647
3996.663284762935   9082.716082873243
3974.9883333333332  9127.581666666667
6287.788618864841   14972.174842180684
6428.723333333333   14836.873333333333
6385.774301428895   14834.39518144704
6270.023333333333   15016.456666666667
6295.490698571105   14967.03481855296
4254.038145842846   6998.70687851496
4147.578333333334   6970.836666666667
4165.026666666667   7024.865  
4119.1112957080595  7017.902159267193
4280.21             6899.373333333333
4327.675474060823   6905.718175313059
5964.1020303235855  9300.684944420122
5784.72             9363.544166666667
5975.453333333334   9261.953333333333
6025.181994817386   9265.99612379602
4753.1197092679795  7002.619193322957
4782.123333333334   7050.623333333334
4731.463842179427   7045.139508376389
4693.789679088486   6975.8505263157895
4727.08             6949.08   
6900.029081323068   10937.088872415945
7078.033333333333   10824.533333333333
6845.771534526854   10960.282685421995
6878.0025000000005  10934.983333333334
6155.21699602087    9122.645878209732
6191.848183818906   9087.461176902118
6148.572777777778   9098.841666666665
6226.335160207667   9157.489085426609
6202.823333333334   9202.576666666668
6443.483364045736   9656.537647412159
6493.096331721017   9647.406322359182
6450.402777777778   9659.978888888889
6159.916965393466   15014.50995003432
6165.056666666667   15010.716666666667
6205.463333333333   15022.81  
6194.276982758621   14953.878730407523
6093.293333333333   15053.93  
6099.400519273654   15006.177183816502
6144.513333333333   15022.043333333333
7334.651895783958   10369.859598754905
4703.437443387113   11632.906428787857
4666.285            11563.98  
4742.905750770934   11624.47160828655
4719.07             11662.119999999999
4667.098377674585   5462.517902627587
4520.192228443981   5553.21898305889
4473.04             5539.76   
4668.63             5436.053333333333
4717.335150828663   5444.600104924288
4653.247771556019   5482.42101694111
5892.768226613407   10072.341182501987
5874.341108473772   10081.744048184191
5786.002973484849   10122.285871212121
5822.723333333333   10067.753333333334
5837.929999999999   10136.686666666666
5950.843333333333   9998.473333333333
6000.819958677686   10006.040553942374
5932.788891526228   10050.250951815808
4083.658654098399   11322.721577377059
4205.196666666667   11292.45  
4228.475147005707   11246.788694647114
4188.43             11251.038333333334
4057.1466666666665  11371.286666666667
4036.7066666666665  11316.953333333333
5489.086215898162   8196.400044227019
5617.36             8117.95   
5599.133333333333   8098.333333333333
5378.534517410854   8246.568078008993
5402.538888888889   8198.995  
5171.95905952109    8507.871383056976
5288.283333333334   8444.5    
5338.480554103503   8448.903538944067
5133.4400000000005  8559.663333333332
5152.764999999999   8517.246666666668
2298.9989288182696  6939.341579863802
2193.27             6978.183333333333
2163.93             7012.0199999999995
2436.06             6858.0    
2473.223792413634   6845.043649303685
4211.98151796835    4562.622862393968
4217.593333333333   4600.7699999999995
4188.317389162562   4529.90496265692
4183.9              4573.413333333334
4234.406666666667   4568.7733333333335
4299.1466666666665  4529.153333333334
2833.603229616303   8982.439652599394
2899.11             8949.938333333334
2743.2166666666667  9034.363333333333
4334.23723534809    3816.4192650951445
4300.33             3830.3533333333335
4352.613333333334   3815.9966666666664
4291.543957735155   3816.6108349603765
4409.3099999999995  3791.7766666666666
4412.723552427606   3831.6732696719787
4373.706666666667   3808.1433333333334
4012.954574283096   4681.446807350963
4053.6333333333337  4767.316666666667
4027.9733333333334  4713.346666666666
4073.9223923444974  4723.1998564593305
3982.2000000000003  4667.28   
3975.957508917955   4611.9774078478
4019.94             4636.2733333333335
3794.150871801423   4750.532567795366
3847.0702588503996  4748.4249676437
3809.6266666666666  4760.09   
3580.898399814265   4785.271817835048
3581.648527607362   4764.346559697971
3549.869775280899   4817.224269662921
3596.3358333333335  4831.335  
3623.425            4804.1833333333325
3527.9848423707435  4636.7839911727615
3558.101472392638   4701.473440302029
7735.652662627981   18181.175937589258
7814.223333333333   18162.243333333332
7814.24             18100.661666666663
7838.98             18118.373333333333
7657.946666666667   18247.003333333334
7613.194331793217   18240.059487403014
7630.253333333333   18199.13666666667
4689.659389966284   7441.528093831614
4611.594999999999   7512.554166666668
4577.293333333333   7498.1    
4771.317210391823   7393.9074084327085
4742.941666666667   7433.317222222222
3747.842741603963   4737.676010436378
3800.558333333333   4711.408333333334
3828.5666666666666  4724.363333333334
3764.183333333334   4735.1033333333335
3669.7333333333336  4785.696666666667
3838.857339801849   5459.36509523727
3920.1433333333334  5449.706666666667
3942.7955798708185  5406.39871589704
3787.483333333333   5499.873333333334
3777.0133333333333  5497.463333333333
5363.320049227099   8963.089064107276
5300.149886935646   9021.890255169208
5213.723856858847   9061.240258449305
5248.796666666667   9008.593333333332
5264.9400000000005  9074.403333333334
5379.427500000001   8937.95   
5429.158366903182   8945.20248798352
2513.1176289825235  3017.731887239963
2550.6066666666666  3039.173333333333
2579.496666666667   3047.6766666666667
2586.7359388789787  3093.754239038588
2505.44             3016.99   
2484.943333333333   2975.661666666667
2536.693333333333   3019.9066666666668
4579.698884581798   7494.538042212836
2871.6618832158856  5799.330092964694
2973.4222352863467  5731.863309333509
2961.4900000000002  5779.53   
2834.455            5855.831666666667
2797.0633333333335  5842.65   
4621.668328355416   7276.423515739851
4679.3099999999995  7265.29   
4640.633333333333   7242.368888888889
4484.5199999999995  7367.818333333333
4774.38339175866    5148.797835696489
4817.6900000000005  5230.916666666666
4793.6866666666665  5178.733333333334
4773.362030776405   5222.451858242015
4734.599291044777   5151.632220149254
4753.223333333333   5111.74   
4782.553333333333   5158.416666666667
4016.5052624004893  4695.809584766626
4053.6333333333337  4767.316666666667
4027.9733333333334  4713.346666666666
4073.9223923444974  4723.1998564593305
3982.2000000000003  4667.28   
3975.957508917955   4611.9774078478
4019.94             4636.2733333333335
3751.4680001941742  5163.818224930204
3776.8033333333333  5183.1825 
3799.099380488276   5139.638328669304
3588.3416666666667  5285.786666666666
3559.71             5239.378333333334
3203.762294764514   6785.662588096224
3030.52375          6882.966372180451
3071.0191666666665  6872.787499999999
3338.7093880177467  6716.716586514038
3320.03             6757.113333333334
4360.653781925328   6703.0699705267325
4342.403333333334   6687.51   
4318.465327667189   6732.240532319392
4531.09             6585.3533333333335
4052.579339535907   9844.317619320005
4077.58             9897.205  
4019.056666666667   9787.043333333333
4061.943810776844   9784.52888225591
6760.500748832128   10719.702367531136
6557.315833333333   10795.995 
6747.515833333333   10693.419166666667
6798.020246262518   10698.870804586579
5570.059435798088   12374.04487482924
5699.536666666666   12335.846666666666
5677.435            12281.331666666667
5410.912533816899   12458.206038031758
5432.62             12413.287499999999
3567.191255480051   7748.83736750111
3540.8824999999997  7744.89   
2583.6099130419316  7715.390010597184
2690.9853854918347  7610.463562476262
2620.380833333333   7770.195000000001
2571.678503889886   7764.788647516457
5069.874131641234   7058.831143371761
5129.54             7019.285  
5060.900833333333   7083.304166666667
5021.79             7077.558333333333
4703.956250427291   10705.64847706724
4521.567151931605   10805.435160800607
4594.219488920658   10769.92795925661
4566.216666666667   10803.209166666667
4774.996666666667   10665.403333333334
6520.7907002355205  10324.153718118556
6321.39             10360.386666666667
6510.775833333334   10258.420833333332
6561.075965250965   10263.456563706564
4587.805825396907   9627.152064761147
4741.488333333334   9516.516666666666
4517.209903773108   9637.759945555836
4533.79             9589.109999999999
4579.412320534224   9596.831227045075
2604.0233881518943  6580.316946556792
2418.1206125337794  6684.746791918672
2622.3300000000004  6570.466666666666
2570.7093874662205  6602.953208081328
6525.200495423982   9804.838081721216
6531.320000000001   9811.326666666668
6573.996607290804   9798.669051367026
3869.8954772984143  5382.451837328263
3920.1433333333334  5449.706666666667
3942.7955798708185  5406.39871589704
3858.8325           5335.844166666667
3907.7076548267387  5341.195452310955
4549.791722642607   7706.575835910626
4585.8              7795.373333333334
2533.508167144493   5256.3656476177275
2375.75             5287.321666666667
2333.0831860726316  5267.62423436915
2576.5933333333332  5278.413333333333
2567.9466666666667  5289.256666666666
7124.200421258225   11442.711834496818
6941.029166666666   11511.228333333333
7132.563333333334   11406.7575
7183.390194174757   11412.138932038835
6510.9242472408805  9741.939880398102
6671.923333333333   9611.673333333334
6648.731210755363   9656.975576624185
6698.8966666666665  9671.586666666666
6507.783333333333   9767.7    
6457.825840249975   9766.914820330045
6531.523789244638   9719.874423375815
6737.338562827907   14248.325777183287
6739.973333333333   14261.683333333332
6715.41             14242.75  
6724.185            14218.616666666667
6782.991666666667   14329.23  
6738.46             14321.003333333334
6750.576666666667   14281.796666666667
