2709.964468692662   4690.053387930617
2697.7198465829847  4641.3508228730825
2742.185            4660.931666666666
2630.4016666666666  4731.35   
2632.5078901161146  4682.253072783914
4690.515105911298   10446.91946408432
4730.378333333333   10538.765 
4684.148229558876   10531.58087630296
4709.11             10485.948333333332
4646.613576627975   10461.484796380091
4665.911666666667   10418.671666666667
4698.41             10465.961666666666
3261.979312069365   6509.663264894858
3214.306666666667   6560.706666666667
3170.2881991688473  6554.07503617054
2495.446837242809   5015.46226883214
2474.5666666666666  5003.823333333333
2483.7695243973276  4966.977515974441
2526.5116666666663  5110.679999999999
2478.0551731374608  5088.3086778593915
3506.8125158833573  6058.836613130756
3500.3783333333336  6096.675  
3446.7850178359095  6030.062354340072
4539.803557888721   8253.244769492187
4471.1466666666665  8284.730000000001
4504.465            8300.149166666666
4655.213333333333   8184.833333333333
4636.348333333332   8215.748333333333
3858.3007348765386  6117.059628258459
3861.8866666666668  6126.986666666667
3838.61             6076.66   
3818.0732482683193  6120.56206707984
3899.8033333333333  6191.006666666667
3852.932982005141   6185.667010650018
4015.51209939993    7362.541535377502
4046.4700000000003  7448.256666666667
3996.6184948202313  7440.8429433272395
3960.5490162567735  7370.752634431014
3981.4066666666668  7327.883333333333
6578.753889616579   9355.164545771666
4296.261685584905   10891.86452932749
4288.783333333333   10973.206666666667
4242.056281817308   10952.892318701373
4260.113333333334   10849.756666666666
4270.886666666666   10788.4   
4525.116548983264   7853.6155214952305
4457.78             7888.2266666666665
4435.338647214854   7931.730871542251
4598.8550000000005  7842.145  
4601.376666666666   7842.2300000000005
3768.4607357739005  4289.386823358946
3837.084605180038   4446.747485786481
3847.7966666666666  4404.45   
3750.6008333333334  4287.991666666667
3754.7766666666666  4228.1033333333335
3791.04             4253.933333333333
5122.477485863608   7708.26204753574
5170.063333333333   7725.661666666667
5119.816666666667   7747.26   
5166.552222222223   7761.441111111111
5071.725785889404   7679.646870062653
5094.805555555556   7631.329444444444
5147.55889332004    7636.742921236291
2495.7783003458753  6906.600615645759
2443.500746557235   6946.606695734523
2462.0433333333335  6906.01   
3070.580583162373   5486.077026851475
3038.2              5474.403333333333
3029.346666666667   5513.88   
3123.9466666666667  5455.166666666667
3134.0833333333335  5481.923333333333
2994.843074473669   3870.298861469142
3181.8933333333334  3917.18   
3192.1866666666665  3935.316666666667
5101.601695109857   9419.099329113029
5150.973333333333   9499.076666666668
5171.392680694675   9455.89556676515
5081.933333333333   9417.028333333334
5092.576666666667   9391.086666666666
3252.213867264334   7760.432716491632
3251.346666666667   7785.273333333333
3226.23             7767.723333333333
2449.8033061205642  5562.278371554799
2475.4366666666665  5526.306666666667
2453.8700000000003  5544.123333333333
2600.04             5580.509999999999
5751.977929303888   10329.917706803419
5650.490000000001   10421.176666666666
5806.662614582523   10304.382859699634
5786.126666666667   10348.093333333332
6323.731240011868   3276.7426313115284
6202.792886063243   3322.2460983771125
6365.310103640712   3258.6051581185225
6338.23             3292.733333333333
2432.429657611996   4546.683502085507
2431.4166666666665  4552.653333333333
2431.75             4511.7266666666665
2473.3683333333333  4523.53   
2539.0733333333333  4642.703333333333
2540.6279584120985  4683.839565217391
2980.022773428471   6671.861820801161
2926.128631226128   6685.93951048406
2951.1566666666668  6650.47   
5999.6829836088     9297.108990258537
5988.874359160029   9376.05950967208
6037.98             9378.266666666666
5975.453333333334   9261.953333333333
6025.181994817386   9265.99612379602
3643.9335829436313  4886.026550339535
3809.6266666666666  4760.09   
3574.642537188701   4896.567527995989
3605.775            4869.3425 
7448.5690133969765  14430.39048791863
7481.6466666666665  14457.926666666666
7488.063333333333   14504.016666666666
7523.094193885368   14453.214971794694
7424.1              14384.228333333334
7484.092560553633   14384.03044982699
7458.911666666666   14415.638333333332
4527.202441528672   10134.708639778197
4503.468333333333   10117.653333333334
4457.785979439515   10111.507303196733
4482.636666666667   10065.92  
4570.249343065693   10158.425599582899
4548.0616666666665  10186.538333333334
4513.626666666666   10136.516666666668
5056.5323390986305  9259.809072875418
5038.258333333334   9291.205  
5001.223333333333   9277.23   
5126.263333333333   9210.026666666667
3752.886280334438   7563.01444892399
3750.1566666666668  7485.06   
3716.3966666666665  7491.0233333333335
3779.0733333333333  7559.26   
3773.4700000000003  7593.5633333333335
4831.725558272912   4323.352217259817
4733.455342793955   4348.788442683376
4824.180639819345   4279.573571697403
4864.251666666666   4307.633333333333
4900.324651307543   8396.002647541463
4873.306051515628   8429.654507617402
4920.856666666667   8435.9    
4848.363333333333   8352.351666666667
4856.143333333333   8316.666666666668
4597.423669727985   8532.58147781808
4640.642596987676   8464.493619351893
4618.3533333333335  8508.690833333334
3648.0397105187876  10105.879606956616
3817.3366666666666  9987.174166666668
3593.9416666666666  10146.823333333332
3544.208554056622   10154.1196199886
3568.9666666666667  10119.086666666666
5866.7121701219585  10820.108507452533
5885.42             10857.053333333333
5812.553333333333   10769.563333333334
5813.84             10723.746666666668
5863.6887388724035  10734.35034124629
3938.5780526574235  9066.953090514988
3914.208333333333   9015.934166666668
3958.2753039739846  9012.651608333792
3996.663284762935   9082.716082873243
3974.9883333333332  9127.581666666667
3145.5664243346546  7628.539289700799
3156.1033333333335  7606.123333333334
3202.2003389966985  7602.810593445527
5917.672238678671   14458.182148667984
5886.713333333333   14389.588333333335
5968.796980192053   14456.891447225682
5948.868333333334   14504.908333333335
5889.686666666667   14502.813333333334
5903.163333333333   14461.076666666666
2993.6168881373014  8424.382727106102
3134.915429049812   8365.091184596065
2997.7              8470.853333333334
2951.2849184406964  8463.99462814487
3115.353547425708   4782.935753195547
3054.076666666667   4666.873333333333
3076.5933333333332  4617.553333333333
3153.036093512242   4836.621888227971
3118.2966666666666  4814.423333333333
4798.945118114236   12400.414132711478
4826.530000000001   12444.43  
4850.382403560831   12399.911038575667
4810.264999999999   12403.815 
4704.6866666666665  12520.67  
4698.746017061034   12536.71137706916
4664.89             12466.786666666667
4190.287931594416   9913.747010017745
4302.491666666667   9825.418333333335
4280.546666666667   9876.171666666667
4066.9030347387593  9962.426660596722
4087.845            9916.3875 
2596.5604555887403  4069.6010993793607
2514.309398666499   4125.961552396528
2560.8333333333335  4130.2683333333325
2656.0933333333332  4006.5466666666666
3289.737192657427   9465.93787930347
3252.97             9518.018333333333
3202.985563677256   9510.442133820636
3492.273333333333   9387.646666666666
4526.6096330638975  5618.202399319969
4473.04             5539.76   
4453.153808909307   5585.199176173024
5272.852610870497   12081.332366265357
5221.359573594441   12107.656683512318
5270.75             12113.929166666667
4670.389726222726   7298.084913562983
4679.3099999999995  7265.29   
4640.633333333333   7242.368888888889
4709.397222222222   7370.716111111111
4657.57065279604    7366.388254312013
4384.014670032775   6327.198373325169
4209.11             6451.82   
4191.0233333333335  6398.076666666667
4377.175            6298.199166666666
4425.846126898931   6303.697574160157
4626.146133874892   9067.489336865954
4557.870433058375   9140.096039022843
4579.736666666667   9095.454166666666
4413.971925373073   7420.225544282235
4364.986666666667   7385.713333333333
5273.233326839516   7826.9352726256475
5241.645555555556   7901.192777777778
5189.707178683385   7896.906081504702
5441.3825           7785.520833333333
6595.619196417392   11205.462892848998
6643.51             11282.85  
6664.21             11239.412205882352
6579.0199999999995  11162.843333333334
6626.768763523956   11169.609613601237
4459.76715019939    4566.382657028735
4450.513333333333   4552.16   
4466.9086790383035  4505.920031081451
4433.55             4513.929999999999
4491.926666666667   4621.8966666666665
4444.433379488383   4616.258624735978
4461.806666666667   4573.27   
3747.842741603963   4737.676010436378
3800.558333333333   4711.408333333334
3828.5666666666666  4724.363333333334
3764.183333333334   4735.1033333333335
3669.7333333333336  4785.696666666667
4629.004966916749   5368.3721938813105
4656.82             5414.176666666667
4676.590839501546   5369.1136821887
4630.293333333333   5358.0233333333335
4589.5233333333335  5289.053333333333
4637.507969223595   5295.928141757985
4619.576666666667   5337.956666666667
4129.73563183425    6575.939235932194
4211.756666666666   6520.093333333333
4071.604764065336   6595.470136116152
5030.3895732986275  8326.690441530198
4909.246666666667   8378.806666666667
4873.306051515628   8429.654507617402
4920.856666666667   8435.9    
5039.5233333333335  8305.8    
5087.470993176649   8312.352092494313
3267.806552938069   6509.618975822814
3214.306666666667   6560.706666666667
3170.2881991688473  6554.07503617054
3516.1808997169137  5081.066757855006
3466.760723397384   5049.064543839819
3506.2566666666667  5008.433333333333
3506.568333333333   5058.794999999999
3538.605            5138.123333333334
3488.9651800332367  5133.448675447775
3512.596666666667   5081.7    
6007.813288875972   10379.016105281189
5943.426579089298   10414.065319362046
5979.076666666667   10362.133333333333
5991.360000000001   10421.266666666666
6109.3533333333335  10292.116666666667
6157.15306747112    10299.105881097785
7248.215938732843   9421.011206740513
7264.942997560125   9445.517103520391
7251.315080739138   9435.28876477443
7234.79             9394.116666666667
7356.361095610752   9568.334933650902
7315.284919260863   9531.79123522557
7311.127002439875   9515.02289647961
3537.8345967718633  9486.994345217943
3502.806666666667   9407.063333333334
3550.1615846479867  9412.992309865787
3589.2838965611677  9484.05877313094
3565.23             9521.496666666666
2547.230103477603   7513.805741248652
2456.4583107626513  7558.483941553813
2481.224444444444   7513.09   
2726.2591666666663  7397.275  
7735.652662627981   18181.175937589258
7814.223333333333   18162.243333333332
7814.24             18100.661666666663
7838.98             18118.373333333333
7657.946666666667   18247.003333333334
7613.194331793217   18240.059487403014
7630.253333333333   18199.13666666667
4906.101224488113   6136.653773364611
7440.22323846654    11984.42043754924
7415.331059738134   12022.661067921441
7457.77             12012.713333333333
7404.575            11915.675833333335
3907.4449143100064  5692.968346419744
3836.5333333333333  5760.743333333333
3817.5266666666666  5705.266666666666
3788.650987091876   5753.6758845861805
3995.385            5642.205000000001
5697.862046209397   8906.517961499281
5533.522461275005   8991.189487818167
5562.333333333333   8936.68   
5755.67             8856.153333333334
5789.3133333333335  8852.403333333334
3752.886280334438   7563.01444892399
3750.1566666666668  7485.06   
3716.3966666666665  7491.0233333333335
3779.0733333333333  7559.26   
3773.4700000000003  7593.5633333333335
4320.54210963659    5246.108399090357
4307.946666666667   5240.01   
4285.493333333333   5191.746666666667
4364.370114372856   5262.59771254289
4347.243333333333   5305.83   
4317.743333333333   5258.0599999999995
4340.315168191097   7073.314731310122
4193.344271729457   7157.109121922278
4223.196666666667   7109.916666666666
4239.238333333334   7164.173333333334
4355.17             7037.79   
4404.561428571428   7043.411428571429
3834.257981380564   7425.841077817604
4028.8150252617706  7333.838721534745
4007.536666666667   7376.046666666667
3768.1633333333334  7475.28   
3787.6866666666665  7432.243333333334
4689.659389966284   7441.528093831614
4611.594999999999   7512.554166666668
4577.293333333333   7498.1    
4771.317210391823   7393.9074084327085
4742.941666666667   7433.317222222222
7292.347086166847   10736.840688466094
7485.076666666667   10648.54  
7289.653333333333   10752.896666666667
7237.83993835722    10748.610269687164
7257.01             10705.72  
4902.017913438962   9053.276413221844
4957.046666666667   9139.433333333332
4905.741205946563   9132.819922029317
4868.1783112559815  9064.24733268604
4902.716666666666   9039.903333333334
2471.413472644752   6918.092388083227
2487.29             6953.53   
2506.240778739184   6912.91771013597
2436.06             6858.0    
2473.223792413634   6845.043649303685
6127.864467531093   13450.576683475636
6156.986666666667   13472.126666666667
6109.355090279495   13459.127672520406
6130.283333333334   13415.57  
6178.240000000001   13429.178333333333
6032.514065473925   13548.248283212792
5989.199524758791   13530.911118730564
6010.913333333334   13484.026666666667
6056.124909720505   13489.502327479595
4491.8156222424     6359.6470699952915
4465.518333333333   6375.905  
4592.0              6305.983333333334
3634.5273181973025  9087.427708020434
3658.515            9118.326666666666
3608.4282948169653  9110.537242908149
3570.701715047858   9040.54505413463
3593.1333333333337  8997.011666666667
