8078.088784206659   15281.680169228464
8085.55199957992    15328.84193446755
8107.093333333333   15285.949999999999
8108.746483532288   15230.146902056666
7335.082757181255   10895.896417438053
8997.051529218093   10233.143116759136
8977.416666666668   10177.218333333332
8997.213333333333   10223.904999999999
9045.736666666666   10254.986666666666
9047.984005297232   10298.392527957623
8991.346670568953   10288.605312573169
9006.273333333333   10272.056666666667
9007.726666666667   10242.215 
6862.0071232323535  11696.037800830789
6862.664352904532   11769.99751362716
6933.965102781136   11738.909785368804
6914.625            11783.881666666666
6822.952574942352   11697.130507302076
6843.43             11653.66  
6761.915446965722   10721.384614602663
6557.315833333333   10795.995 
6747.515833333333   10693.419166666667
6798.020246262518   10698.870804586579
6688.1271006668685  10588.940879967995
6480.670833333334   10653.615 
6670.445            10552.064166666667
6721.09446722104    10557.180007735447
6916.568403913756   11000.792337822728
6923.076666666667   11018.953333333335
6881.902963765871   11030.993710126975
6845.771534526854   10960.282685421995
6878.0025000000005  10934.983333333334
6697.447194838431   10140.183369846083
6685.611666666667   10095.897777777778
6728.251355675224   10083.062468238617
6764.33420301102    10153.544238708675
6733.26             10184.22  
7484.299737655558   12066.220857735723
7480.683333333333   12054.8375
7147.253076144494   10977.13155611325
7154.650000000001   10965.496666666668
7196.269529211571   10954.106513690507
6945.9766666666665  11061.843333333332
6751.822523905896   9749.695987970568
6685.114421204082   9560.604243031703
7615.851565227727   13087.787843130529
7639.139999999999   13129.498333333333
7658.145450542999   13086.53777516877
7545.334141914192   12877.252678767876
7132.187928657513   3485.9873868608847
7206.352156816576   3470.0716906051334
7163.963333333333   3493.3333333333335
7175.423333333333   3433.5666666666666
7133.058958428506   3456.8727546825035
6980.4766666666665  3461.706666666667
6969.093333333333   3438.19   
6984.5              3407.7000000000003
7018.9710415714935  3441.4572453174965
6961.88275732263    12869.31433323957
6997.795            12921.095000000001
7021.729126249537   12886.488637541652
6937.405            12808.343333333334
6983.531281367977   12815.613928492117
6959.2454636996845  11031.279393049888
6923.076666666667   11018.953333333335
6881.902963765871   11030.993710126975
7130.916666666666   10922.324166666667
6827.653150878847   6819.584879475646
6822.163333333333   6809.266666666666
7015.737539026802   6824.767409217226
7062.845942296437   11259.785992586985
7033.094162397143   11311.55536717901
7074.826666666667   11300.356666666667
7022.481666666667   11203.3925
9457.079453111743   7100.790399038233
9550.175833333335   7080.711666666667
9527.506124930216   7124.642721915514
9450.330865999877   7135.683490712555
9413.776666666667   7099.703333333333
9439.473333333333   7081.246666666667
9201.632616183022   7136.180882609449
9236.15             7125.088333333333
9213.685991298942   7168.985916718459
9135.93605602654    7179.3556690011055
9101.9              7143.3725 
6821.794232102344   10802.81407795474
6879.122587016035   10849.393208838483
6854.673333333333   10892.29  
6802.9561784175685  10884.970796469475
6763.902163407392   10808.750502713217
6789.281666666667   10770.665833333333
7038.613277047989   10147.369534602389
7017.165383095737   10246.812081908807
9827.944052743725   9433.321770329028
9850.32             9419.609999999999
9799.656666666668   9446.226666666667
9805.996149825784   9400.80224738676
9955.42             9594.823333333334
9908.283333333333   9626.833333333332
6916.296426642686   10099.053827262484
6703.008469651802   10077.299314214848
6890.155            10028.056666666665
6868.753333333333   9974.965  
6703.2733333333335  10128.656666666668
6651.652197738475   10124.597164395476
6978.430482470663   11120.661215078086
6998.95             11160.210000000001
6957.2938030718315  11171.597303614832
6920.9886460844145  11100.828422996052
6945.9766666666665  11061.843333333332
6850.623515293584   2960.597059694119
6848.150000000001   2962.6383333333333
6808.16             2938.923333333333
6800.751666666667   2976.236666666666
6710.319972077871   3022.5340909796014
6729.426666666667   2985.286666666667
6773.328333333334   2988.1133333333332
8272.839481240255   19349.91374132596
8396.336666666666   19315.326666666668
8371.716666666667   19261.66  
8417.586896848961   19271.8656182358
8271.519658070834   19387.44618736739
8229.123333333333   19367.0   
8242.396666666666   19314.756666666668
7448.5690133969765  14430.39048791863
7481.6466666666665  14457.926666666666
7488.063333333333   14504.016666666666
7523.094193885368   14453.214971794694
7424.1              14384.228333333334
7484.092560553633   14384.03044982699
7458.911666666666   14415.638333333332
6666.039593344205   10968.93370678462
6689.79344262295    10949.747704918032
6610.858481244281   10987.025649588288
6639.8966666666665  10949.083333333334
6824.501666666667   10836.404166666665
6804.446557377049   10887.792295081968
6637.949210605351   10521.839292027056
6659.51             10532.005833333333
6681.455693272245   10487.93388232457
6469.526666666667   10633.089999999998
9859.178528074524   8667.747581411153
9858.323333333334   8665.146666666667
9808.24             8691.506666666666
9814.183347426277   8646.404472043125
9881.833944630576   8605.743422676776
9924.42             8621.806666666667
9877.676666666666   8653.513333333332
7934.462675964693   3154.010048701428
7935.141666666667   3136.075  
7921.018333333333   3191.856666666667
7963.956666666667   3169.096666666667
7941.743333333333   3052.7833333333333
7981.763333333333   3086.9566666666665
7938.268333333333   3113.125  
7583.737950749113   12238.396502022631
7646.737273438263   12272.01840355851
7619.923333333333   12310.806666666667
7571.28172077922    12309.061432629871
7532.598090452261   12233.352412060302
7557.712500000001   12195.125 
7158.120633621351   10950.616140958853
7338.818333333334   10844.295 
7360.246666666667   10897.641666666666
7172.551666666666   10998.44  
7122.036430123099   10993.370065170167
6980.983853994054   12873.650984359905
6997.795            12921.095000000001
7021.729126249537   12886.488637541652
6937.405            12808.343333333334
6983.531281367977   12815.613928492117
7395.141832831781   10954.684012345038
7126.239541902207   10470.166439096443
7126.083333333334   10462.853333333334
7104.41             10409.186666666666
7150.74181249104    10416.721969226359
7189.25266959679    10488.125367857825
7170.056666666666   10530.9   
7137.1466666666665  10483.361666666666
6864.218434520182   11242.86453059502
6790.849166666667   11229.030833333334
6768.734564178007   11273.157307833762
6980.759166666667   11126.669999999998
7031.1203553005835  11131.67013932411
6855.9383000371745  11667.210031405091
6891.13381872214    11660.352317979197
6870.953333333334   11704.143333333333
6805.63             11583.383333333333
6853.256999776437   11590.334918399285
9226.055292876903   9041.8798561804
9246.753333333334   9029.053333333333
9241.702969584874   9077.619038224413
9198.193333333333   9062.173333333332
7235.714247877593   13357.997071732767
7222.326691857039   13417.20877734253
7289.174972653686   13384.433347188799
7270.696666666667   13428.573333333334
7181.101677801239   13340.361251687493
7196.810044555244   13291.426135363072
6999.816994454362   10208.301202759147
7172.398704904364   10984.538693501614
7154.650000000001   10965.496666666668
7196.269529211571   10954.106513690507
7231.993143617566   11023.553876548265
7207.288333333333   11062.5675
7127.811253166408   10057.398673559539
8855.84111172345    9991.381062225439
8906.841938739994   9984.477747998608
8854.123333333331   9968.408333333335
8835.559621371478   10022.699213294069
8883.645            10031.258333333333
8781.597386476718   9931.582162572671
8794.191666666666   9879.738333333333
8837.986666666666   9941.186666666666
7138.108742581331   10500.951323669404
7126.083333333334   10462.853333333334
7104.41             10409.186666666666
7150.74181249104    10416.721969226359
7189.25266959679    10488.125367857825
7170.056666666666   10530.9   
7137.1466666666665  10483.361666666666
6905.370737538207   11012.648983872496
6715.474166666667   11089.244999999999
6905.421666666666   10985.993333333334
6955.736575820765   10990.993057077736
7923.385313561303   13645.628696315922
7947.871666666667   13701.906666666668
7967.09615316772    13659.035415257975
7883.035            13581.748333333333
7929.159646954987   13589.137078552516
7302.35525964282    17411.314986203797
7191.018907081758   17436.57831344763
7372.53975743936    17336.450987746935
7395.08             17352.63  
7376.763333333333   17394.893333333333
6228.873982544406   10911.55124446936
6300.384615384615   10875.996923076924
6252.503333333333   10869.02  
6264.51             10927.873333333333
6135.816666666667   10996.563333333334
6088.261208791208   10990.115164835164
7660.864650344476   8234.689220457338
7737.9828497076405  8330.52596478828
7729.443333333333   8379.11   
7790.47             8342.486666666668
7776.062330992098   8395.023832309043
7625.24338493292    8247.946604747163
7633.956611180057   8195.798301678087
7691.556666666666   8202.01   
7682.36715029236    8252.73403521172
5541.007172602345   9215.312692421488
5720.802464678179   9159.833124018838
5671.8741666666665  9155.016666666666
5514.560689098871   9270.989085042636
5542.823333333334   9241.336666666666
9792.676515975036   7009.663371450268
9851.745            7023.558333333333
9787.601666666666   6987.950000000001
9786.19             7013.715833333334
9773.43             6807.623333333333
9795.76204755477    6764.875017132177
9830.67             6796.556666666666
6453.3839707694715  13717.351030401886
6432.906666666667   13688.76  
6388.15368233336    13680.630243322501
6408.86             13637.183333333332
6474.183333333333   13758.69  
6425.859417382999   13750.96799426934
6443.703333333333   13708.900000000001
3376.4138539527776  7966.358692604117
3343.9808333333335  7957.196666666667
3315.78290199866    7990.251270154137
5208.56291545101    7812.188275896013
5323.754804959959   7692.868470679411
5351.03             7722.216666666667
5152.581177236959   7826.736071707749
5177.389444444444   7781.285555555556
7067.245413206867   12716.25304880552
7034.81             12663.866666666667
7123.606125378848   12740.135672356038
7100.18             12785.286666666667
4507.177288769395   12312.190205357969
4477.193333333334   12296.9   
4510.47             12345.876666666667
4709.746666666667   12221.06  
7561.5305402739905  14989.207708572969
7427.428293254658   15049.493428040254
7511.538561405688   15009.726988078977
7465.106666666667   15005.433333333334
7473.08             15052.266666666666
7688.123333333333   14872.99  
7732.806666666666   14925.356666666667
7671.601438594313   14923.968011921022
7148.812538016704   10945.619451979175
7106.576666666667   10877.493333333332
7084.433424179235   10921.606942922264
7152.95             10962.373333333333
7211.871011717478   17362.70752612129
7292.253333333334   17224.033333333333
7323.49             17211.493333333336
7293.400000000001   17217.156666666666
7209.393923673226   17451.692093023255
7179.97             17498.26  
6115.876190126757   4336.0988295013085
6151.983333333334   4339.246666666667
6162.1324011652105  4294.852197253433
6038.963333333333   4419.04   
5996.413333333333   4429.293333333333
3983.2836117149564  7316.4280976122245
4028.8150252617706  7333.838721534745
4007.536666666667   7376.046666666667
3944.44             7259.82   
3988.964736955121   7267.24772385656
3539.9899237205973  4912.698606916703
3621.2833333333333  4897.355833333333
3645.771209608236   4858.392090363168
3492.5883333333336  4955.473333333333
3468.9766666666665  4919.56   
4753.1197092679795  7002.619193322957
4782.123333333334   7050.623333333334
4731.463842179427   7045.139508376389
4693.789679088486   6975.8505263157895
4727.08             6949.08   
5061.957162882551   11831.165805232711
5067.356063132817   11818.603347230495
5119.9991666666665  11831.434166666668
5141.693762452363   11785.923302801362
4898.438936867183   11909.561652769506
7235.840443958179   11288.839718253352
7304.473333333333   11244.613333333333
7346.495514107177   11236.228801363377
7072.318856619704   11380.604995168098
7097.668333333333   11342.513333333334
9090.725297264638   9883.119331205264
9128.306666666667   9853.423333333332
9070.711488043218   9884.210102486692
9116.996666666666   9893.32   
9000.026666666667   9963.343333333334
8954.278061260007   9956.812252001393
9014.088511956781   9917.869897513308
5066.609470917494   12291.189822875895
5070.141666666667   12313.310000000001
5024.214752635848   12306.092762908895
4505.688345642993   7164.274527363479
4407.70787326191    7219.436122635058
4457.679166666667   7226.94   
4615.576157820573   7107.520491623611
4592.846666666666   7153.933333333333
5992.447630596347   9637.531592587009
5913.574542201014   9687.611723829408
5935.8099999999995  9643.641666666666
6126.21             9540.856666666667
6176.665295315683   9545.729383183008
9303.776205201284   9030.50985193532
9267.41             9020.223333333333
9271.211857508144   8972.495772181162
9313.553333333333   8988.666666666666
5651.294365208829   9398.134160102345
5796.030401940045   9299.440084102987
5746.964166666666   9293.68   
5588.553457943925   9411.893644859812
5610.65             9367.74   
2274.637683240464   7010.230404665694
2487.29             6953.53   
2248.67             7081.343333333333
2199.296602152332   7078.300806707266
4793.992820940097   11979.134237271734
4827.471429912925   11947.97699504866
4901.419053195713   11915.22649861056
4853.672500000001   11911.369166666665
4761.106666666667   12024.724999999999
4692.593333333333   12028.196666666667
4710.723333333333   11976.221666666666
4777.2385700870755  11975.20800495134
7614.80059863592    4331.331288234331
7469.566666666667   4337.806666666666
7444.093333333333   4307.466666666667
7486.7              4284.42   
7626.2300000000005  4303.64   
7649.03             4334.783333333334
8086.890131101827   12267.79494895041
8106.2108333333335  12301.183333333332
7440.22323846654    11984.42043754924
7415.331059738134   12022.661067921441
7457.77             12012.713333333333
7404.575            11915.675833333335
5232.480503983097   12609.218804673292
5239.122466183101   12550.568961968243
5173.641440232179   12585.907139488481
5192.4783333333335  12542.47  
5279.572424913057   12621.453000316156
5261.81             12670.323333333334
5215.082899628253   12665.412732342009
4264.010872391169   6495.115535568446
4456.48             6389.85   
4392.14202894702    6414.7779431682375
4447.086666666666   6428.713333333334
4273.506666666666   6488.043333333334
3966.790848654113   5475.717588358559
3955.713333333333   5515.8516666666665
3917.8433333333332  5504.823333333334
4157.466666666667   5407.094166666667
6367.298670120188   5870.744651000015
6361.36             5897.776666666667
6350.536666666667   5953.693333333334
6319.134113329651   5920.554562386552
6329.69801980198    5841.922376237624
6368.916666666667   5818.616666666667
6364.38             5875.243333333334
7157.900803383323   13219.503450356424
7228.3133333333335  13349.816666666668
7246.40105124064    13305.282476875644
7113.416666666667   13137.253333333334
6991.436192112393   11585.119148833677
6941.029166666666   11511.228333333333
6918.883000223564   11555.725081600714
6989.533333333333   11600.511666666665
2579.6906183334067  7116.606729569845
2544.096425264158   7145.148531402113
2587.954166666667   7141.158333333333
2510.5101415094337  7079.134528301887
2538.88             7049.833333333333
4012.6995205958374  11073.542406725697
4116.052123041541   11031.898105505246
4083.736666666666   11070.758333333333
4035.3849999999998  11065.791666666666
4068.5499999999997  11024.83  
3984.3766666666666  11134.593333333334
3960.39             11110.463333333333
4006.19             11081.228333333334
5793.912045554374   8393.059371626005
5960.576666666667   8310.63   
5959.253333333333   8325.4    
5784.39             8424.593333333332
5731.435947001122   8418.280114684496
5826.65429059125    8744.722532018088
5963.440256410257   8666.289230769231
5882.8934912718205  8700.64753797325
5910.167777777778   8659.364444444444
5805.136666666667   8785.685  
5767.51             8771.873333333333
5819.251508728179   8735.02246202675
4123.238612425863   9967.371308781207
4153.2716666666665  10037.773333333333
4066.9030347387593  9962.426660596722
4087.845            9916.3875 
2600.360353755299   5929.024597878568
2716.3399999999997  5954.46   
2747.4533333333334  5934.316666666667
2725.69             5911.94   
2581.3166666666666  5938.929999999999
2546.8641908946433  5893.4206403664575
2580.2333333333336  5885.42   
2596.85             5889.639999999999
5815.13721954287    8282.842034419999
5879.325542531455   8246.669908592323
5739.849999999999   8341.983333333334
5768.234457468545   8306.090091407677
4547.045371831162   6519.383508480154
4695.576666666667   6406.405  
4727.505            6425.3    
4470.989891344287   6561.962955750355
4494.82             6517.62   
5305.960412477027   11611.870393079706
5306.579999999999   11608.041666666666
5292.946666666667   11569.671666666667
5069.874131641234   7058.831143371761
5129.54             7019.285  
5060.900833333333   7083.304166666667
5021.79             7077.558333333333
9968.349053128739   8953.653147144243
10017.716666666667  8926.8    
9962.896666666667   8956.673333333334
9982.162166172107   8981.37115727003
9970.474629324546   8909.201285008237
9900.096666666666   8998.296666666667
9904.418090843843   8950.350987388496
9945.203333333333   8967.326666666666
3761.0626064597163  9322.143106855452
3808.73             9397.016666666666
3761.4461034388323  9391.201226869058
3721.6784153520134  9320.597690134213
3748.6825000000003  9285.573333333334
6449.618186797714   9651.72557691764
6633.933333333333   9538.133333333333
6658.766666666666   9594.106666666667
6461.316666666667   9680.713333333333
6416.288690188497   9688.718612856452
4783.34362296015    5039.434602270834
4743.216666666666   5093.6    
4764.662233820459   5052.125929018789
4719.01             5042.889999999999
4697.454613583138   5084.374332552693
4873.746666666667   4989.53   
4813.067766179541   5026.1040709812105
