2872.484585726401   5319.505638101138
2835.416666666667   5343.653333333334
2877.4312662463003  5359.142136147214
2899.140204179295   5260.999314085181
2943.7366666666667  5274.91   
2940.060192926045   5319.432958199357
4176.812440877431   9517.795588353649
4223.226635590896   9499.530012338908
4200.796666666666   9546.07   
4497.697756217676   6972.668420795351
4484.026666666667   6911.155  
4453.153333333334   6894.623333333334
4541.103813873822   6969.54152440765
4517.4400000000005  7014.22   
5187.094453866477   7720.454115901142
5316.681666666666   7645.325  
5175.941666666667   7722.573333333333
4710.418210737756   12003.805040691048
4689.51             12022.585000000001
4724.7925           11967.458333333334
4746.954166666666   12033.41  
4780.219019774975   11980.871926355268
4633.72             12080.143333333333
4588.2861175207945  12084.434458009122
4612.263333333333   12047.003333333334
4661.17             12037.914999999999
3819.7817572728964  4783.912200414576
3847.0702588503996  4748.4249676437
3809.6266666666666  4760.09   
3862.905            4861.7725 
4861.030944780447   6706.226880704984
4895.623503688093   6691.499578503688
4848.448333333333   6689.258333333334
4976.606496311908   6648.180421496311
4414.397783428081   8154.309716543183
4466.533333333333   8229.326666666666
4488.994332833583   8185.814182908546
4396.816666666667   8099.153333333333
4257.301082783379   11391.126043668017
4282.096666666666   11434.806666666665
4307.713333333333   11388.863333333333
4265.475            11394.056666666667
4139.126666666667   11512.476666666667
4101.5233333333335  11467.61  
3866.5815235167975  4409.642998456955
3903.4241490874615  4421.282337046694
3883.9797471579773  4352.2468874951
3920.79             4376.326666666667
3801.4566666666665  4422.316666666667
3811.873873520884   4380.134204999608
4302.352044508909   10454.394618565217
4399.231410412334   10413.484481933383
4378.66             10456.666666666666
4283.293333333333   10514.603333333333
4230.762271718112   10504.152482274581
4265.806666666667   10447.893333333333
2800.2328818336828  5389.736269005574
2770.91             5384.38   
2774.777848896568   5339.961013900887
2897.826666666667   5535.0633333333335
2859.293333333333   5525.266666666666
3591.466161133256   6548.082456917502
3545.8206119822535  6605.093413485962
3592.67             6610.336666666667
3678.76             6512.736666666667
3713.5160313901347  6515.2060986547085
5570.3394309636205  8509.108017442748
5529.765720306055   8527.044462310956
5552.1866666666665  8480.029999999999
4263.893593473942   10044.49684299808
4275.089166666667   10059.44  
4331.467195988299   9999.210052235687
4294.423333333333   9988.806666666665
4142.005485609357   10102.252186739053
4163.350833333334   10056.546666666667
1710.6240890048211  3850.3224594695494
1700.5              3839.3766666666666
1636.3275762321962  3712.6230629925117
1663.9866666666667  3656.4700000000003
1701.3183333333334  3714.5875 
4830.043603622704   7075.125480144285
4811.058333333333   7104.474444444444
4843.135596755504   7072.561796060255
5012.248333333333   6993.03   
4972.334403244497   7002.198203939745
4142.696935475804   11493.270361509174
4282.096666666666   11434.806666666665
4307.713333333333   11388.863333333333
4265.475            11394.056666666667
4139.126666666667   11512.476666666667
4101.5233333333335  11467.61  
3183.562794258236   7665.278167748824
3156.1033333333335  7606.123333333334
3202.2003389966985  7602.810593445527
3236.5783062229516  7672.704379943292
3214.891666666667   7717.705  
4240.170495308819   7699.98394603841
4200.176666666666   7734.183333333333
4149.8963916456305  7729.159520557419
4358.028037526915   7616.880550599815
4335.838333333333   7660.5125 
3454.6640969429864  5348.588517463766
3395.8216666666667  5250.545000000001
3376.9              5294.453333333333
3541.7933333333335  5480.81   
5686.658625346026   8231.144443349913
5912.739999999999   8163.77   
4030.757776442333   9789.775179617107
4041.27             9828.816666666666
3992.752645815392   9820.446991701245
6916.568403913756   11000.792337822728
6923.076666666667   11018.953333333335
6881.902963765871   11030.993710126975
6845.771534526854   10960.282685421995
6878.0025000000005  10934.983333333334
5592.243210206507   9344.702564129606
5637.651666666667   9417.576666666666
5659.599104100007   9373.413041148895
5572.97             9297.693333333333
5620.551626878868   9304.143023872679
7484.299737655558   12066.220857735723
7480.683333333333   12054.8375
1963.2026485315291  4262.829969934188
1841.93996267435    4271.530034706306
1795.8765687839132  4239.251928662624
1964.5666666666668  4223.03   
2003.9450644163876  4246.396458387014
1933.63003732565    4257.839965293694
2382.8597287382     6722.245823592879
2414.128333333333   6806.929999999999
2439.791523240838   6773.485862311205
2378.2400000000002  6685.81   
2416.4694361369384  6682.007156262051
6827.653150878847   6819.584879475646
6822.163333333333   6809.266666666666
7015.737539026802   6824.767409217226
5971.393070954364   8755.536592234857
5934.216666666666   8868.193333333333
6138.813574546898   8793.648760418044
4113.582211023197   4299.029863551259
4200.2266666666665  4268.79   
4162.2410002387205  4245.166605395082
4115.950945999211   4339.279751675207
4077.69             4315.873333333333
5388.178847757867   8607.552834067494
5394.4366666666665  8599.406666666668
5363.283333333334   8583.599999999999
5451.602364089517   8659.352758450596
5428.586666666667   8705.67   
5643.161440754193   8440.465180426836
5808.322036793692   8377.150996971946
5761.341111111112   8381.843888888889
5529.765720306055   8527.044462310956
5552.1866666666665  8480.029999999999
5089.658602321404   9386.540813580155
5040.403333333333   9349.246666666666
5071.446666666667   9352.026666666667
5234.039134025484   9240.240412930627
5208.681666666666   9279.574999999999
2720.147971346858   6349.047646801919
2659.7              6372.570000000001
2682.4133333333334  6331.386666666666
2632.1642841503467  6351.1041552122615
2753.4258333333332  6281.559166666667
2802.232526215443   6285.456673021926
3820.576812615036   6363.9812095547095
3760.626666666667   6320.816666666667
3775.411666666667   6279.685  
3793.4333333333334  6335.66   
3837.088333333333   6393.918333333333
3782.224054317458   6393.242485218634
3802.806666666667   6353.14   
6348.979782187962   10022.901921946555
6168.785            10076.524166666666
6359.665            9973.630833333333
6410.241823350652   9978.675808254093
3648.0397105187876  10105.879606956616
3817.3366666666666  9987.174166666668
3593.9416666666666  10146.823333333332
3544.208554056622   10154.1196199886
3568.9666666666667  10119.086666666666
4413.253686912707   6812.926063759252
4429.973234518409   6761.297180082287
4379.5233333333335  6756.456666666667
4466.987326042163   6830.7112363290535
4442.886666666666   6875.196666666667
3598.6725909016095  6839.3753325352445
3457.3874966622166  6926.959599465955
3404.5466666666666  6913.8966666666665
3647.9158333333335  6812.751666666666
5043.527568044607   9296.294400798157
5040.403333333333   9349.246666666666
5071.446666666667   9352.026666666667
5009.64             9237.541666666666
5057.786666666667   9247.263333333334
4094.60389482521    7218.68320770096
4080.0733333333333  7186.4366666666665
4059.1752630448786  7229.51227614344
4143.256666666667   7303.066666666667
4096.2349747382295  7297.541278465255
3603.1954362322576  6247.681590920314
3405.6110502159827  6342.711573974082
3451.7              6347.73   
3587.4166666666665  6212.876666666667
5946.440327221062   9223.759087507613
5965.236666666667   9242.896666666667
5982.12             9199.476666666667
5773.92             9343.550833333335
6007.485394182848   9786.2586563956
5973.356666666666   9713.329166666668
6022.3564105198275  9719.075872200534
6058.700124223603   9789.195900621118
6036.956666666666   9833.748333333335
2238.718375062919   6117.4356874721125
2198.928258353065   6044.271068139963
2228.1466666666665  6024.1866666666665
2252.633333333333   6161.3966666666665
2211.6585004458134  6126.6754024479205
4544.075261657941   7145.291858673096
4407.70787326191    7219.436122635058
4457.679166666667   7226.94   
4615.576157820573   7107.520491623611
4592.846666666666   7153.933333333333
3039.433979258407   6253.656151034869
3038.48             6234.366666666667
3081.9013485071814  6226.388228841737
5434.166973619256   9334.849033899605
5452.789310901129   9304.270914957364
5405.516666666666   9298.496666666666
5490.4332688320665  9374.367470628888
5469.783333333333   9417.69   
5381.764597867732   11731.889252102003
5397.253333333333   11775.218333333332
5375.083333333333   11720.5   
5327.525            11685.766666666666
5331.176666666667   11648.76  
5365.361666666667   11657.116666666667
5364.741666666667   11701.27  
5145.817111698678   7661.905848060735
5124.286666666667   7684.633333333333
5070.166757493188   7676.848010899183
5244.866666666667   7553.496666666667
5269.55             7568.7    
5279.195195040042   7609.151529320589
2929.2417924712645  7710.666235698387
2894.09             7707.416666666667
2845.5245366795366  7705.606264478764
2796.9521072470816  6093.240576202981
2811.6433333333334  6048.846666666666
2837.146666666667   5999.676666666666
2788.2371799834114  6016.475847387338
2781.8900000000003  6119.136666666666
2754.9966666666664  6085.143333333333
2802.3066666666664  6068.613333333334
4280.720175901544   10529.305949039757
4230.110000000001   10595.173333333334
4268.93             10604.32  
4230.762271718112   10504.152482274581
4265.806666666667   10447.893333333333
3286.456353741116   4246.328670635819
3272.683170675122   4192.2991655711085
3291.3566666666666  4266.599999999999
3326.35             4359.855  
3287.7766666666666  4359.1    
3300.9733333333334  4298.34   
4331.344911999884   7009.484005732462
4382.115            7086.995  
4333.406363636364   7081.645333789018
4296.16             7012.203333333333
4317.54             6968.496666666666
3485.7757905733306  4948.491271436214
3621.2833333333333  4897.355833333333
3645.771209608236   4858.392090363168
3492.5883333333336  4955.473333333333
3468.9766666666665  4919.56   
4328.392865776899   9810.654505791143
4343.163333333333   9765.436666666666
4391.5216666666665  9908.135  
4590.774364343495   11778.254524379037
4601.825            11758.958333333334
4613.543333333333   11818.060833333333
4651.232686928666   11764.67482303305
4546.748333333333   11697.725 
4612.452652123996   11694.923639494833
4590.740000000001   11739.031666666666
5549.700834422605   8440.697090986185
5542.013333333333   8461.25   
5491.0581185932815  8458.384093991484
5739.849999999999   8341.983333333334
2436.344287266489   6853.413228978403
2451.8766666666666  6887.17   
2404.901887350988   6881.821938555085
6278.401307402644   10948.22188055981
6300.384615384615   10875.996923076924
6252.503333333333   10869.02  
6338.60648415872    10946.902829898492
6317.8099999999995  10990.166666666666
3765.0247998791747  5629.48778180033
3798.0433333333335  5689.3533333333335
3779.806666666667   5635.306666666666
3826.885153438053   5640.857357744721
3735.43             5573.26   
3790.609298191848   5573.558296046583
3769.5333333333333  5616.243333333334
5376.56372875371    8324.197294465266
5250.406666666667   8374.153333333334
5226.7710886451905  8419.169522503998
5441.236111111111   8270.84611111111
5493.044035729975   8274.98884829404
6004.99681939045    9782.565438629128
5973.356666666666   9713.329166666668
6022.3564105198275  9719.075872200534
6058.700124223603   9789.195900621118
6036.956666666666   9833.748333333335
5490.667154230061   9117.242259704508
5435.993996458087   9131.883205430933
5481.47             9128.609999999999
5647.557761884728   9019.239877997476
5623.313333333333   9066.411666666667
4046.758019970497   6448.969910061918
4031.0293258426964  6517.337078651685
4077.4633333333336  6524.868333333333
4005.173333333333   6441.8533333333335
6051.950701325317   9324.373135804199
5988.874359160029   9376.05950967208
6037.98             9378.266666666666
6238.116666666667   9267.533333333333
3507.6762286729645  3901.2566698407754
3442.6833333333334  3867.9    
3476.83             3878.116666666667
3484.8033333333333  3823.795  
3508.86             3846.3933333333334
3555.8933333333334  3970.7    
3552.5766666666664  4010.3866666666668
4133.242251529824   6966.222032284364
4110.44             6901.826666666667
4156.456454774989   6908.8262735779
4193.601834385444   6977.83982547345
4174.2300000000005  7019.838333333334
7176.189568144968   10077.407882280648
6697.412194010918   11395.19532724563
6719.57             11423.623333333333
6740.511873987929   11380.463107610776
6654.34             11302.84  
6701.935435821993   11309.302692166237
5016.009817899438   8451.75577483885
5104.176666666667   8427.191666666668
5126.0536295902075  8382.65943739071
4973.56             8498.196666666667
4911.107297297297   8499.371477058454
4931.3533333333335  8455.27   
3383.888615927426   6858.3360334876925
3411.108716697173   6851.084352247305
3393.4733333333334  6893.383333333333
4554.30353882839    7086.235952443443
4528.0              7033.65   
4578.130320911514   7038.059473684211
4615.576157820573   7107.520491623611
4592.846666666666   7153.933333333333
4298.780997276073   8004.531189779751
4322.08             7961.633333333333
4372.091352785146   7966.029128457749
5620.319262659876   9361.908753632568
5637.651666666667   9417.576666666666
5659.599104100007   9373.413041148895
5572.97             9297.693333333333
5620.551626878868   9304.143023872679
4609.310895503149   7518.419299444184
4649.16             7582.093333333333
4670.711401225115   7536.78843797856
4584.178333333334   7461.683333333333
4633.343036017931   7467.947794094915
3748.367857473553   6276.552309946157
3760.626666666667   6320.816666666667
3793.4333333333334  6335.66   
3711.1113154820737  6261.520912031629
3731.1583333333333  6220.685  
6744.877416102798   8570.099718349986
6691.626666666666   8603.396666666667
6628.235955766193   8428.229763033176
6634.215029585798   8383.398425271998
3931.347728142049   4499.428954910487
3952.3474910820455  4550.1875921522
3932.955590464162   4481.288348594885
3914.7400000000002  4526.433333333333
3865.883333333333   4397.4800000000005
3878.0353160491895  4354.613591681679
3909.374409535839   4418.916651405115
4347.038647849113   9549.634834504686
4504.560814729078   9450.411564719268
4484.656666666667   9495.316666666668
4281.665            9570.291666666666
4306.7733333333335  9514.615  
3956.1750893901335  3965.4801648501307
3913.4933333333333  3980.7333333333336
3873.221666666667   3990.291666666667
3914.3233333333333  4023.0866666666666
3957.545382469193   3920.634452452918
4002.458945804782   3940.842833389238
3986.5033333333336  3996.2866666666664
3954.65             3965.996666666667
5203.315855096793   9275.406298339367
5040.403333333333   9349.246666666666
5071.446666666667   9352.026666666667
5234.039134025484   9240.240412930627
5208.681666666666   9279.574999999999
3835.1998920639744  7768.798891367391
3875.782196170696   7696.5404802855755
5472.876536123455   8742.108682822436
5655.26             8671.706666666667
5476.193333333334   8782.541666666666
5469.055            8786.971666666666
5419.213333333333   8767.816666666668
6497.695469352999   9775.422558193095
6534.563604476452   9725.504465571732
6484.0922222222225  9723.774444444445
6454.790694830868   9761.285005857373
6529.655000000001   9808.243333333334
4211.622557412367   6432.225408287719
4209.11             6451.82   
4161.839634499665   6445.952921774014
4191.0233333333335  6398.076666666667
4260.293333333333   6486.025  
4261.32             6529.203333333333
4220.818333333334   6515.151666666667
4219.67             6471.4400000000005
3246.132156160311   5791.6167751522735
3339.144346057861   5732.448595064238
3293.3533333333335  5727.06   
3136.160163475012   5842.222596917329
3156.3233333333337  5800.281666666667
4331.528231911012   7648.8627009363845
4308.955            7611.093333333333
4286.66627337692    7655.055271400335
4373.486666666667   7729.913333333334
4324.071510574018   7723.359848942598
7108.182940159808   10406.333333827555
7087.848333333333   10391.97  
7066.278333333333   10338.513333333332
7041.51303391384    10384.434647112741
7131.716666666667   10459.82  
7079.625626732368   10455.075457345241
7098.776666666667   10412.225 
4404.928316408186   11054.664850446396
4384.83             11039.27  
4374.206666666667   11076.66  
5532.907060424332   8763.020932747051
5492.763333333333   8817.693333333333
5484.3516666666665  8795.428333333331
5665.39             8690.473333333333
5718.138148799063   8696.29884592853
4123.764282759046   6296.4280163561925
4172.0              6383.04   
4201.412662712658   6335.602102388013
4154.683333333333   6330.693333333334
4111.17             6270.19   
4166.464151021894   6270.7564532737015
4144.816666666667   6312.376666666667
3138.0140094382223  5793.155504963361
3181.37             5848.3099999999995
3201.8228271673106  5807.13741579238
3125.726666666667   5743.056666666667
3168.153333333333   5738.586666666667
6762.878504544613   9799.344465278089
2997.338826006395   9258.754689161666
2898.6433333333334  9279.943333333335
2907.77             9339.763333333334
3073.503333333333   9184.944166666666
3123.155625454749   9191.970748306934
4012.252256552805   5188.474319580942
4023.2466666666664  5159.78   
4071.3568846466287  5163.803099106418
3822.33             5268.193333333334
4338.321597044356   9631.579313647002
4303.926666666667   9653.461666666668
4495.493333333333   9515.453333333333
4657.699097004137   11936.909348318353
4680.873333333333   11897.825 
4698.301666666667   11956.683333333334
4732.312605758404   11903.870012867943
4592.656666666667   12000.566666666668
4548.024620286777   12003.307833244822
4565.776666666667   11961.176666666666
7008.014782026061   9833.69421605207
8207.269173187204   13444.896562388167
8019.056666666666   13507.58  
8209.74             13404.715833333334
8234.163333333332   13423.973333333333
4925.204126738594   7791.109455869533
4948.956666666666   7745.820000000001
4905.413333333334   7734.5233333333335
4882.224477748891   7780.109668144976
4994.665627835987   7811.0850569259965
4975.110000000001   7863.626666666667
4923.36971045413    7856.450813776288
5692.936563911731   13973.34783374425
5680.053333333333   14003.836666666666
5615.3312383962075  14006.385980643887
5637.346666666666   13962.093333333334
6620.168733395054   11354.860501392744
6524.266666666666   11372.710000000001
6536.12             11431.626666666665
6488.307062675398   11424.572123479888
6654.34             11302.84  
6701.935435821993   11309.302692166237
1500.3043362532044  3833.1972788730636
1494.28             3818.71   
1476.0966666666668  3852.3333333333335
1511.6666666666667  3855.603333333333
1447.92             3908.0666666666666
5213.087518917047   13125.583508159034
5314.68             13035.16  
5324.336666666667   13094.758333333333
5362.608931242021   13041.870625569944
5202.616666666667   13135.03  
5165.583369170718   13148.063235636513
5189.696666666667   13117.703333333333
3695.4385563384276  5489.5767117049545
3686.3833333333337  5482.2    
3671.3250000000003  5437.053333333333
3652.4466666666667  5479.246666666667
6971.67515456758    10620.306774859317
6927.0597537374815  10629.09919541342
6948.826666666667   10584.641666666666
6994.606666666667   10669.75  
4730.521178804571   8079.49471181538
4816.066666666667   8280.08   
4677.7266666666665  8009.89   
3999.441748796962   11088.821186929941
4116.052123041541   11031.898105505246
4083.736666666666   11070.758333333333
4035.3849999999998  11065.791666666666
4068.5499999999997  11024.83  
3984.3766666666666  11134.593333333334
3960.39             11110.463333333333
4006.19             11081.228333333334
6952.0833320687525  4320.057534064166
7043.650415081287   4367.254254583189
7055.7266666666665  4304.506666666667
7087.044410384736   4337.412211448233
6859.783333333333   4323.606666666667
6849.41             4293.820000000001
4010.8875500492286  10880.00892560929
4007.03             10927.261666666667
3959.3835034060894  10917.95092868066
3981.0789396730374  10865.235983191342
3538.1303047081456  7133.10919264704
3521.455            7130.7925000000005
3499.4119298593223  7174.6171587081435
3720.3266666666664  7055.746666666667
5344.910397441359   9452.483878728002
5299.026666666667   9444.906666666668
5278.262592592592   9488.205294117646
5427.33             9376.113333333333
5490.4332688320665  9374.367470628888
5469.783333333333   9417.69   
3036.576405458036   6466.895733210258
3113.9691666666663  6374.345  
3163.5400432722026  6380.898778075418
2852.0687298067787  6549.270639847957
2878.9666666666667  6517.26   
3313.7208602747414  9067.53260381706
3276.0866666666666  8986.706666666667
3323.7217647058824  8993.29294117647
3361.862557181529   9063.997956765665
3341.543333333333   9108.033333333335
4513.027686299523   10808.896127560176
4521.567151931605   10805.435160800607
4594.219488920658   10769.92795925661
4566.216666666667   10803.209166666667
4354.012848068395   10895.674839199391
5339.23473368329    8641.728229618631
5394.4366666666665  8599.406666666668
5363.283333333334   8583.599999999999
5203.746666666667   8702.36   
5227.7875           8656.318333333335
5098.544625964947   11337.319084810093
5173.37             11360.361666666666
5205.5216666666665  11407.34  
4743.271500421106   5956.23151969444
4872.650444620327   5885.867083663113
4931.0199999999995  5858.213333333333
4675.099521254643   5995.624742055304
4736.179555379673   5958.912916336887
3978.674701546668   10760.953148826025
3904.8              10727.439999999999
4031.2880122799515  10879.796321843547
4012.7166666666662  10924.33  
3961.1667392359427  10920.605995978645
2609.882942488184   4205.641927752644
2597.5266189527088  4258.812029353144
2642.7983333333336  4260.785  
2554.970665507822   4191.133978147504
2572.4166666666665  4148.906666666667
3376.4138539527776  7966.358692604117
3343.9808333333335  7957.196666666667
3315.78290199866    7990.251270154137
4363.240402244148   10901.857152554207
4521.567151931605   10805.435160800607
4333.448333333334   10943.426666666666
4304.286666666667   10926.216666666667
4354.012848068395   10895.674839199391
7067.245413206867   12716.25304880552
7034.81             12663.866666666667
7123.606125378848   12740.135672356038
7100.18             12785.286666666667
3862.47444020689    9158.555885847658
3726.4766666666665  9244.4    
3684.157058823529   9251.020294117647
3996.663284762935   9082.716082873243
3974.9883333333332  9127.581666666667
6287.788618864841   14972.174842180684
6428.723333333333   14836.873333333333
6385.774301428895   14834.39518144704
6270.023333333333   15016.456666666667
6295.490698571105   14967.03481855296
4753.1197092679795  7002.619193322957
4782.123333333334   7050.623333333334
4731.463842179427   7045.139508376389
4693.789679088486   6975.8505263157895
4727.08             6949.08   
6900.029081323068   10937.088872415945
7078.033333333333   10824.533333333333
6845.771534526854   10960.282685421995
6878.0025000000005  10934.983333333334
6155.21699602087    9122.645878209732
6191.848183818906   9087.461176902118
6148.572777777778   9098.841666666665
6226.335160207667   9157.489085426609
6202.823333333334   9202.576666666668
6443.483364045736   9656.537647412159
6493.096331721017   9647.406322359182
6450.402777777778   9659.978888888889
4667.098377674585   5462.517902627587
4520.192228443981   5553.21898305889
4473.04             5539.76   
4668.63             5436.053333333333
4717.335150828663   5444.600104924288
4653.247771556019   5482.42101694111
5171.95905952109    8507.871383056976
5288.283333333334   8444.5    
5338.480554103503   8448.903538944067
5133.4400000000005  8559.663333333332
5152.764999999999   8517.246666666668
2298.9989288182696  6939.341579863802
2193.27             6978.183333333333
2163.93             7012.0199999999995
2436.06             6858.0    
2473.223792413634   6845.043649303685
4012.954574283096   4681.446807350963
4053.6333333333337  4767.316666666667
4027.9733333333334  4713.346666666666
4073.9223923444974  4723.1998564593305
3982.2000000000003  4667.28   
3975.957508917955   4611.9774078478
4019.94             4636.2733333333335
3794.150871801423   4750.532567795366
3847.0702588503996  4748.4249676437
3809.6266666666666  4760.09   
4689.659389966284   7441.528093831614
4611.594999999999   7512.554166666668
4577.293333333333   7498.1    
4771.317210391823   7393.9074084327085
4742.941666666667   7433.317222222222
5363.320049227099   8963.089064107276
5300.149886935646   9021.890255169208
5213.723856858847   9061.240258449305
5248.796666666667   9008.593333333332
5264.9400000000005  9074.403333333334
5379.427500000001   8937.95   
5429.158366903182   8945.20248798352
2871.6618832158856  5799.330092964694
2973.4222352863467  5731.863309333509
2961.4900000000002  5779.53   
2834.455            5855.831666666667
2797.0633333333335  5842.65   
4621.668328355416   7276.423515739851
4679.3099999999995  7265.29   
4640.633333333333   7242.368888888889
4484.5199999999995  7367.818333333333
4016.5052624004893  4695.809584766626
4053.6333333333337  4767.316666666667
4027.9733333333334  4713.346666666666
4073.9223923444974  4723.1998564593305
3982.2000000000003  4667.28   
3975.957508917955   4611.9774078478
4019.94             4636.2733333333335
4774.38339175866    5148.797835696489
4817.6900000000005  5230.916666666666
4793.6866666666665  5178.733333333334
4773.362030776405   5222.451858242015
4734.599291044777   5151.632220149254
4753.223333333333   5111.74   
4782.553333333333   5158.416666666667
4052.579339535907   9844.317619320005
4077.58             9897.205  
4019.056666666667   9787.043333333333
4061.943810776844   9784.52888225591
6760.500748832128   10719.702367531136
6557.315833333333   10795.995 
6747.515833333333   10693.419166666667
6798.020246262518   10698.870804586579
5570.059435798088   12374.04487482924
5699.536666666666   12335.846666666666
5677.435            12281.331666666667
5410.912533816899   12458.206038031758
5432.62             12413.287499999999
6520.7907002355205  10324.153718118556
6321.39             10360.386666666667
6510.775833333334   10258.420833333332
6561.075965250965   10263.456563706564
4587.805825396907   9627.152064761147
4741.488333333334   9516.516666666666
4517.209903773108   9637.759945555836
4533.79             9589.109999999999
4579.412320534224   9596.831227045075
6510.9242472408805  9741.939880398102
6671.923333333333   9611.673333333334
6648.731210755363   9656.975576624185
6698.8966666666665  9671.586666666666
6507.783333333333   9767.7    
6457.825840249975   9766.914820330045
6531.523789244638   9719.874423375815
6737.338562827907   14248.325777183287
6739.973333333333   14261.683333333332
6715.41             14242.75  
6724.185            14218.616666666667
6782.991666666667   14329.23  
6738.46             14321.003333333334
6750.576666666667   14281.796666666667
3358.1358392487746  5988.9636622443795
3283.48             6036.6033333333335
3244.686609118164   6046.771703711362
3463.7304004004004  5928.99974974975
3448.5633333333335  5970.31   
2282.3429491592105  7038.183972148225
2487.29             6953.53   
2248.67             7081.343333333333
2199.296602152332   7078.300806707266
4176.124928121106   10079.783664996736
4163.350833333334   10056.546666666667
4142.005485609357   10102.252186739053
6794.666748094256   11250.915254587308
6681.54             11353.156666666666
6633.660541039041   11346.16149707962
6839.856196928168   11234.802696385168
6817.980833333333   11279.321666666667
3550.9448889206396  7773.963594910689
3540.8824999999997  7744.89   
4662.778519704356   4948.214160059579
4670.51             4960.02   
4647.55             4910.036666666667
4626.360926472656   4953.005135667088
4708.98             5024.55   
4662.085114947922   5019.663340527353
4680.65             4978.94   
2816.4164554475574  6986.629406987689
2781.056666666667   6912.9608333333335
2825.412368999059   6910.043633511139
2858.56625          6975.6736278195485
2830.0366666666664  7004.4366666666665
6774.809299241751   11274.21512400452
6681.54             11353.156666666666
6633.660541039041   11346.16149707962
6839.856196928168   11234.802696385168
6817.980833333333   11279.321666666667
4340.295849033981   7460.781788880937
4407.293333333333   7411.143333333333
4373.371666666667   7385.803333333334
4390.884999999999   7454.428333333333
4260.174999999999   7520.593333333333
4227.556666666666   7505.431666666667
3735.091253536404   10498.56982986629
3671.116666666667   10502.82  
3654.3133333333335  10544.436666666666
3713.4266666666667  10514.366666666667
3759.6716666666666  10468.448333333334
3808.7632416216     10460.73152212529
3781.5916666666667  10495.475 
3736.3733333333334  10501.983333333334
2364.0665901766624  5429.30273727607
2239.0733333333333  5412.335  
2205.4098905868523  5444.723776109956
2361.8933333333334  5425.509999999999
2362.58             5432.213333333333
3897.9000173552195  7617.977214767598
4082.374166666667   7515.0025 
3762.38195524146    7656.922779740872
5092.883910396486   7928.295419760048
5000.113855884347   7999.21763270838
5023.92             7954.573333333334
5214.815555555556   7851.163333333332
5266.450940687388   7855.573976893701
2195.406113783829   3867.1078021544963
2244.2541572803602  3859.7358611509317
2202.28             3868.0333333333333
2087.7400000000002  3951.193333333333
2089.7966666666666  3923.4166666666665
6696.268903185497   11766.778632380068
6761.387425057648   11730.639492697925
6713.366666666667   11723.706666666667
6725.126666666666   11782.896666666667
6596.946666666667   11851.536666666667
6549.304819667411   11844.377446548124
6431.325787465437   9784.514127063565
6534.563604476452   9725.504465571732
6484.0922222222225  9723.774444444445
6454.790694830868   9761.285005857373
6256.444566305255   9875.341411592994
6276.0              9823.191666666668
6327.284305169131   9830.049994142628
4308.250709529384   10636.984427914023
4454.7              10596.416666666666
4475.396423372024   10553.025203619909
4287.263333333333   10693.146666666666
4243.75             10677.866666666667
4269.47             10625.710000000001
6260.544156711665   9046.511706245132
6343.735            9015.394999999999
6370.843333333333   8998.1    
6166.8099999999995  9133.783333333333
6131.468333333333   9119.455  
2874.429125570343   5897.393437043764
2846.6025           5878.033333333334
2856.06             5933.786666666667
2976.75             5803.59   
3026.240735162026   5815.488374214054
1987.0674489497906  5637.425239685923
1951.8208333333334  5607.693333333334
2069.55             5594.47   
2101.45             5619.913333333334
5636.167612778838   10309.23382214643
5768.493808037457   10233.294799063597
5720.413333333333   10226.006666666666
5584.266666666666   10298.513333333334
4782.673055285122   11698.335550023243
4760.153333333334   11738.266666666666
4711.0473130713335  11732.34517696695
6722.753776011406   10990.149783917703
6916.878835516739   10921.888180494905
6894.705833333333   10966.011666666667
6704.5633333333335  11069.015 
6655.441414052143   11063.050994255413
4260.138422086253   10135.380807328038
4270.94             10217.828333333333
4250.73             10131.24  
4274.6883333333335  10080.8175
6905.9365141871385  10866.548351270147
7071.738333333334   10745.921666666667
7003.482484362784   10775.382109069586
7030.236666666667   10736.380000000001
6804.446557377049   10887.792295081968
6824.501666666667   10836.404166666665
6876.042515637217   10843.782890930415
4661.68218966783    4585.049004685134
4525.893333333333   4690.336666666667
4502.553333333333   4641.063333333333
4481.747337162067   4683.587482840734
4701.3133333333335  4533.466666666666
4730.296666666667   4580.336666666667
4859.027098782593   6168.6339731719345
4958.4155863949945  6089.980189314936
4948.755457604308   6084.981022880215
4920.825            6157.84   
4883.8047289771675  6150.416434935957
4282.797645102488   11404.744683988392
4382.3966666666665  11380.183333333334
4425.092901536903   11325.375473737544
4381.774166666667   11316.699166666667
4284.89             11433.236666666666
4237.340461597641   11426.991827157328
4261.2699999999995  11396.366666666667
4534.19683856878    7718.94001069013
4585.8              7795.373333333334
7609.71625815134    7960.066624246538
7571.966666666666   7978.16   
7616.463333333333   7978.32   
7657.01             7897.046666666667
7700.29             7905.66   
7687.426666666666   7938.085  
2936.0322907752125  4731.262663215399
3042.2042204360273  4896.037308962784
3049.4              4851.429999999999
2919.093071131703   4699.894142535941
2964.3133333333335  4715.719999999999
4190.539985641255   7159.064387463033
4080.0733333333333  7186.4366666666665
4059.1752630448786  7229.51227614344
4213.2283333333335  7115.238333333334
4270.423636363636   7115.844666210982
4249.413333333333   7158.72   
4972.5983342175605  5012.776345413178
2980.1380731966347  6661.760181439109
2926.128631226128   6685.93951048406
2951.1566666666668  6650.47   
5723.4473526153015  8898.825974464417
5533.522461275005   8991.189487818167
5562.333333333333   8936.68   
5755.67             8856.153333333334
5789.3133333333335  8852.403333333334
7106.947897616308   10537.54873479344
6927.0597537374815  10629.09919541342
6948.826666666667   10584.641666666666
7137.1466666666665  10483.361666666666
7189.25266959679    10488.125367857825
7170.056666666666   10530.9   
3935.037079133559   10914.65907965228
4007.03             10927.261666666667
3981.0789396730374  10865.235983191342
3829.8              10991.133333333333
3885.5964965939106  10957.759071319339
6823.020656011417   11279.343065693974
6790.849166666667   11229.030833333334
6768.734564178007   11273.157307833762
6856.168333333333   11349.770833333334
6807.248126012071   11344.386892389224
2126.5895742994035  4268.447547251359
2249.455            4229.764999999999
2280.0069400514894  4175.519687385068
2263.71             4221.966666666666
2105.133333333333   4286.903333333334
1926.5265484321862  4781.660538275726
5601.045022516977   8504.029373666272
5761.341111111112   8381.843888888889
5529.765720306055   8527.044462310956
5552.1866666666665  8480.029999999999
4867.652545099729   8779.204192771576
4775.581666666667   8844.006666666666
4805.926666666667   8859.23   
4964.778535091851   8741.136886481394
4939.0408333333335  8778.449999999999
6562.17828173819    10789.280535723083
6568.181718582169   10731.05264692343
6519.028333333333   10725.011666666667
6606.537872307454   10802.146310243297
6584.656666666667   10846.62  
2384.852121355827   6725.265978870913
2414.128333333333   6806.929999999999
2439.791523240838   6773.485862311205
2378.2400000000002  6685.81   
2416.4694361369384  6682.007156262051
4307.117483325303   6550.015896406956
4242.178975136447   6595.139951485749
4271.77             6548.196666666667
4457.1033333333335  6447.366666666667
4501.5633333333335  6453.8533333333335
5134.277626722585   7017.618295976892
5112.054166666667   7260.689166666666
4077.9002342959866  9399.521600829437
3978.2678881556094  9453.818645362973
4149.432457173447   9361.452604389722
4126.263333333333   9408.223333333333
4040.539676673012   7447.207556945272
4082.374166666667   7515.0025 
4105.051711326278   7471.875460481873
4017.753333333333   7394.923333333333
4067.734911122778   7402.4958958973975
4733.870382553316   7639.996027342044
4830.719999999999   7595.92   
4873.708333333333   7606.02   
4681.166666666667   7709.776666666667
4696.01             7669.356666666667
3470.2310893754475  9273.054683423601
3453.8866666666668  9316.24   
3406.5198579937673  9310.16914204568
