2899.448412989732   3523.7142990147695
2956.775            3594.298333333333
2922.3399999999997  3537.81   
2848.945            3450.1633333333334
2914.12             3485.166666666667
2905.03             3514.73   
6040.412873548572   10512.741153517738
6019.794448727834   10555.19901310717
6067.223333333333   10561.89  
5982.077686135329   10485.863439549417
6002.45             10441.883333333333
2872.484585726401   5319.505638101138
2835.416666666667   5343.653333333334
2877.4312662463003  5359.142136147214
2899.140204179295   5260.999314085181
2943.7366666666667  5274.91   
2940.060192926045   5319.432958199357
4176.812440877431   9517.795588353649
4223.226635590896   9499.530012338908
4200.796666666666   9546.07   
8078.088784206659   15281.680169228464
8085.55199957992    15328.84193446755
8107.093333333333   15285.949999999999
8108.746483532288   15230.146902056666
2666.6019004584523  4113.02862783242
2736.443333333333   4077.2166666666667
2729.691666666667   4117.306666666666
2554.970665507822   4191.133978147504
2572.4166666666665  4148.906666666667
3098.8094197582686  6341.597359706648
3115.015            6312.163333333334
3075.063333333333   6302.6033333333335
3141.59             6425.54   
3092.398590204976   6419.194199655766
4497.697756217676   6972.668420795351
4484.026666666667   6911.155  
4453.153333333334   6894.623333333334
4541.103813873822   6969.54152440765
4517.4400000000005  7014.22   
2638.2149743431946  7828.69762969017
2679.235463320463   7794.683735521236
2656.885            7838.081666666666
3179.331418392365   8801.982434112579
3211.9862133891215  8779.47070432357
3159.2433333333333  8770.066666666666
3135.1382281553397  8813.922718446602
3228.5833333333335  8898.630000000001
3181.418390457205   8892.903561828822
5496.204096514382   8352.137702216394
5686.583888888889   8242.578888888887
5453.939445896497   8386.376461055934
5486.06             8354.2    
5187.094453866477   7720.454115901142
5316.681666666666   7645.325  
5175.941666666667   7722.573333333333
4710.418210737756   12003.805040691048
4689.51             12022.585000000001
4724.7925           11967.458333333334
4746.954166666666   12033.41  
4780.219019774975   11980.871926355268
4633.72             12080.143333333333
4588.2861175207945  12084.434458009122
4612.263333333333   12047.003333333334
4661.17             12037.914999999999
3819.7817572728964  4783.912200414576
3847.0702588503996  4748.4249676437
3809.6266666666666  4760.09   
3862.905            4861.7725 
3617.3788645679597  4903.595747508109
3643.8              4937.8    
3574.642537188701   4896.567527995989
3605.775            4869.3425 
3832.30421500199    4408.137807126157
3903.4241490874615  4421.282337046694
3883.9797471579773  4352.2468874951
3920.79             4376.326666666667
3801.4566666666665  4422.316666666667
3811.873873520884   4380.134204999608
3436.69472333428    7642.866617523134
3492.6366666666668  7655.76   
3516.4757976839505  7611.621971427435
5067.064339946955   11740.963731974363
5067.356063132817   11818.603347230495
5119.9991666666665  11831.434166666668
5141.693762452363   11785.923302801362
5026.2757151358865  11745.312412219797
5048.531666666667   11700.875 
4279.944919588161   8485.816463959403
4268.09             8517.28   
4218.76983409954    8511.29544073556
3911.876868924708   8820.619336081669
4061.2616666666663  8777.911666666667
4054.1366666666668  8813.193333333335
3860.77             8915.796666666667
3811.9956951132863  8910.383178337412
4458.546723250765   7907.797866931185
4449.798333333333   7834.473333333333
4420.383333333333   7818.316666666667
4506.3027649662245  7893.386846028418
4483.763333333333   7937.32   
4423.867796380422   5447.256944890134
4458.536666666667   5519.26   
4478.386577693041   5473.923584366063
4433.29             5465.38   
4391.923333333333   5395.466666666667
4439.792329940063   5402.556329559508
4422.2              5444.87   
3659.3943275312195  7711.81748203747
3833.4240025015633  7618.396722951845
3540.8824999999997  7744.89   
4893.63655715168    7804.729627199471
4748.384416440481   7851.280403257077
4797.3              7857.553333333333
4947.41             7743.016666666666
4932.97             7785.746666666667
4861.030944780447   6706.226880704984
4895.623503688093   6691.499578503688
4848.448333333333   6689.258333333334
4976.606496311908   6648.180421496311
4414.397783428081   8154.309716543183
4466.533333333333   8229.326666666666
4488.994332833583   8185.814182908546
4396.816666666667   8099.153333333333
3120.1377773953136  7105.558418369852
3217.664071874131   7056.513167785768
3192.1833333333334  7097.7266666666665
3140.769043831039   7090.834066502267
2953.8316666666665  7232.860000000001
2933.58             7208.463333333333
2972.440956168961   7181.975933497733
3797.357063316391   6495.607477052137
3651.7401004976095  6548.460401990438
3687.8966666666665  6558.836666666667
3837.623333333333   6417.511666666666
3885.84             6421.79   
3872.1966666666667  6459.143333333333
4257.301082783379   11391.126043668017
4282.096666666666   11434.806666666665
4307.713333333333   11388.863333333333
4265.475            11394.056666666667
4139.126666666667   11512.476666666667
4101.5233333333335  11467.61  
2690.1398217991227  6552.0973650245
2816.693333333333   6471.986666666667
2634.1366666666668  6571.381666666667
6196.759310535272   10175.306460576132
6256.928498310984   10153.94305046576
6207.337500000001   10147.641666666666
6050.369289836116   10264.81559052089
6070.856666666667   10221.02  
5099.657422658405   12689.59594115708
5129.28             12688.15  
5091.261666666666   12725.101666666667
5173.247100371747   12688.122267657993
5133.653333333334   12744.09  
5067.441666666667   12621.293333333333
2782.500946848886   6116.390507025644
2779.0              6117.766666666666
2805.2033333333334  6069.983333333334
2750.9133333333334  6185.043333333333
2769.8399999999997  6137.0233333333335
4219.932872529025   6458.411797958426
4209.11             6451.82   
4161.839634499665   6445.952921774014
4191.0233333333335  6398.076666666667
4260.293333333333   6486.025  
4261.32             6529.203333333333
4220.818333333334   6515.151666666667
4219.67             6471.4400000000005
3516.9079924632097  7804.325485624373
3578.9833333333336  7815.446666666667
3630.2555789764     7822.001199322328
2052.1161081643077  3314.606219048612
2062.9              3338.98   
2162.6              3205.653333333333
2163.4366666666665  3250.5333333333333
5411.48343871173    9311.267604508437
5415.376014064807   9235.066548682882
5367.163333333334   9227.33   
5432.076666666667   9347.703333333333
5368.9409702367     9349.463733302086
5390.03             9306.73   
3866.5815235167975  4409.642998456955
3903.4241490874615  4421.282337046694
3883.9797471579773  4352.2468874951
3920.79             4376.326666666667
3801.4566666666665  4422.316666666667
3811.873873520884   4380.134204999608
7335.082757181255   10895.896417438053
4302.352044508909   10454.394618565217
4399.231410412334   10413.484481933383
4378.66             10456.666666666666
4283.293333333333   10514.603333333333
4230.762271718112   10504.152482274581
4265.806666666667   10447.893333333333
4468.032460357877   9670.278727723286
4583.220651085142   9603.874557595993
4514.163954165611   9632.129945555838
4389.608333333334   9709.901666666667
2800.2328818336828  5389.736269005574
2770.91             5384.38   
2774.777848896568   5339.961013900887
2897.826666666667   5535.0633333333335
2859.293333333333   5525.266666666666
3581.9721834370866  5265.229824238457
3776.8033333333333  5183.1825 
3588.3416666666667  5285.786666666666
3559.71             5239.378333333334
2579.8679252973525  5866.953027307056
2631.6718404907974  5910.562967791411
2601.2383333333332  5935.9974999999995
2420.600319013186   5866.503692045938
2474.403333333333   5857.33   
3859.1035157883307  10072.120043223724
3854.403333333333   10055.656666666666
3883.3250000000003  10063.466666666665
4586.100092367618   9425.626102241687
4433.209223772738   9481.662101918762
4484.656666666667   9495.316666666668
4744.173974047602   9314.013961557144
4725.536666666667   9364.776666666667
3591.466161133256   6548.082456917502
3545.8206119822535  6605.093413485962
3592.67             6610.336666666667
3678.76             6512.736666666667
3713.5160313901347  6515.2060986547085
3941.1645113971317  4995.6974186543375
3892.5922010398613  5002.489682264587
3915.0033333333336  4958.8133333333335
3977.0441666666666  5074.306666666666
3928.3906195117243  5069.141671330695
4598.527700983221   5323.72001602035
4394.743333333333   5393.956666666667
4589.5233333333335  5289.053333333333
4637.507969223595   5295.928141757985
4619.576666666667   5337.956666666667
4409.001657787361   11103.562248498201
4384.83             11039.27  
4374.206666666667   11076.66  
4429.083333333333   11124.446666666667
4808.870489566703   11247.11058079172
4794.88862003331    11311.037561265763
4846.28             11324.54  
4783.796666666666   11209.19  
4475.4211837738985  8816.823253642768
4408.281412070801   8861.91081286711
4429.951666666667   8817.018333333333
5378.6390135141555  9793.27652946394
5450.721666666666   9725.836666666666
5499.273546346093   9730.797899398924
5286.525            9831.145  
5313.4766666666665  9798.77   
3261.952160917688   7205.102474423125
3220.51494776979    7235.427994995432
3246.5633333333335  7198.605  
4440.893757010228   4496.775079192594
4557.356346678799   4444.441078252958
4453.333333333333   4550.656666666667
4405.234722313199   4543.008525242129
4430.75             4515.466666666666
3775.238445474766   9315.312150540762
3808.73             9397.016666666666
3761.4461034388323  9391.201226869058
3721.6784153520134  9320.597690134213
3748.6825000000003  9285.573333333334
3441.135651378776   8719.386356803589
3492.5787984742533  8722.064593134139
3469.505833333333   8767.630833333333
5570.3394309636205  8509.108017442748
5529.765720306055   8527.044462310956
5552.1866666666665  8480.029999999999
3514.0531174760545  5001.550999050029
3466.760723397384   5049.064543839819
3506.2566666666667  5008.433333333333
3506.568333333333   5058.794999999999
3645.82             4941.45   
3686.3536874489255  4931.144065279046
5503.130605763872   9155.691782020964
5521.598333333334   9202.013333333332
5536.58             9171.013333333332
5395.073333333334   9279.243333333334
5331.752444656035   9280.255597476791
5351.836666666666   9235.7    
3410.7425932856277  9756.206035248004
3402.881666666667   9795.561666666668
3353.575996415369   9789.077472835219
4263.893593473942   10044.49684299808
4275.089166666667   10059.44  
4331.467195988299   9999.210052235687
4294.423333333333   9988.806666666665
4142.005485609357   10102.252186739053
4163.350833333334   10056.546666666667
3675.7662906169426  4336.05951752793
3710.273667143538   4495.647424892703
3736.0766666666664  4447.483333333334
3713.31             4441.03   
3623.1666666666665  4337.099999999999
3627.795            4277.091666666666
3680.5833333333335  4296.706666666667
3677.7083333333335  4342.835  
3526.433978314395   7783.562831670977
3578.9833333333336  7815.446666666667
3630.2555789764     7822.001199322328
6516.095203567413   10753.981293387711
6568.181718582169   10731.05264692343
6519.028333333333   10725.011666666667
6362.065384615385   10842.903076923076
6382.653333333334   10799.156666666668
5489.803672756767   12561.284426566213
5449.527575086942   12529.906999683844
5498.045            12533.956666666667
5525.381296675595   12499.953987710729
5279.572424913057   12621.453000316156
3281.7071628556587  8023.3372324332595
3390.1508671645347  7957.813261301343
3343.9808333333335  7957.196666666667
3089.7483333333334  8119.955  
5643.364680764847   9841.800040173344
5525.588333333334   9865.316666666666
5503.150088672135   9909.015178452672
5653.97             9795.526666666667
5716.7841016080165  9793.748564437194
5696.01             9837.176666666666
2825.4808484647656  7554.607828453183
2823.503333333333   7557.586666666667
2814.2000000000003  7543.393333333333
3861.592503714259   4556.688925034367
3796.922861203221   4533.619313121743
3794.0299999999997  4572.876666666667
3860.685394819962   4509.072514213519
3896.62             4533.386666666666
4451.502553071245   4557.960116040893
4450.513333333333   4552.16   
4466.9086790383035  4505.920031081451
4433.55             4513.929999999999
4491.926666666667   4621.8966666666665
4444.433379488383   4616.258624735978
4461.806666666667   4573.27   
2156.5148756528506  5657.101275456138
2145.6              5585.743333333334
2123.61             5617.3966666666665
2174.046343987545   5728.778741643007
2137.75             5696.916666666666
1710.6240890048211  3850.3224594695494
1700.5              3839.3766666666666
1636.3275762321962  3712.6230629925117
1663.9866666666667  3656.4700000000003
1701.3183333333334  3714.5875 
1996.691006673267   3187.640095210634
1927.74             3199.2466666666664
1968.8              3192.0866666666666
2089.1755562721705  3094.6085940019348
2078.87             3138.22   
3525.763386253733   7070.350808839314
3510.6725           7110.925000000001
3461.6583412322275  7105.306445497631
4920.571512824972   8599.632550966926
4840.145833333334   8594.499166666666
4818.3763858093125  8639.30211751663
4968.973333333333   8525.096666666666
5031.542199349946   8523.72443661972
5011.416666666667   8568.5    
4830.043603622704   7075.125480144285
4811.058333333333   7104.474444444444
4843.135596755504   7072.561796060255
5012.248333333333   6993.03   
4972.334403244497   7002.198203939745
3256.7529024468968  7659.010799651034
3187.8566666666666  7666.423333333333
3179.2333333333336  7704.014999999999
3406.735            7580.0616666666665
5594.325094814063   8565.678977006115
5618.77             8602.556666666665
5567.982635910484   8595.832241549404
5529.765720306055   8527.044462310956
5552.1866666666665  8480.029999999999
3721.324782634736   10821.486588186584
4335.333090172033   11502.610708625987
4313.089999999999   11495.598333333333
4271.941567297394   11497.668475544448
4295.53             11453.073333333334
4389.683333333333   11400.246666666666
4451.938741771961   11400.78974199894
4429.806666666666   11446.845 
4365.121372447233   9860.597006065771
4343.163333333333   9765.436666666666
4391.5216666666665  9908.135  
3599.1177074038424  4125.792332959361
3608.04             4102.873333333334
3575.6233333333334  4140.7    
3540.7266666666665  4125.383333333333
3584.3633333333332  4092.2133333333336
3644.57             4203.883333333333
3633.8133333333335  4224.983333333334
3722.515349525027   9224.332279846072
3726.4766666666665  9244.4    
3684.157058823529   9251.020294117647
6138.383583386429   11311.605994811282
6158.258333333333   11363.51  
6177.65482332663    11321.08994829072
6088.98             11235.02  
6134.3901424084515  11243.145177385966
2628.1539138348307  6054.572330925614
2671.1466666666665  6068.433333333333
2664.2200000000003  6083.75   
2550.503333333333   6068.85   
2521.6237357052096  6036.115152477763
2747.022200122825   6184.042713432573
2711.516666666667   6262.09   
2743.0316666666668  6263.503333333333
2769.8399999999997  6137.0233333333335
2750.9133333333334  6185.043333333333
4705.322844604962   9524.27078650985
4741.488333333334   9516.516666666666
4533.79             9589.109999999999
4579.412320534224   9596.831227045075
4579.867211067351   8677.372517319396
4715.263333333333   8604.086666666666
4693.268333333333   8650.1325 
4419.418333333334   8797.546666666667
6192.361523951287   10097.759953374974
6146.548047914818   10120.968003549246
6168.785            10076.524166666666
6359.665            9973.630833333333
2922.1781154326163  3552.949720779434
2956.775            3594.298333333333
2922.3399999999997  3537.81   
2848.945            3450.1633333333334
2914.12             3485.166666666667
2905.03             3514.73   
3893.071730435244   4603.014689013362
3899.6349999999998  4682.585  
3942.3166666666666  4682.235000000001
3860.685394819962   4509.072514213519
3896.62             4533.386666666666
7008.014782026061   9833.69421605207
8207.269173187204   13444.896562388167
8019.056666666666   13507.58  
8209.74             13404.715833333334
8234.163333333332   13423.973333333333
7302.35525964282    17411.314986203797
7191.018907081758   17436.57831344763
7372.53975743936    17336.450987746935
7395.08             17352.63  
7376.763333333333   17394.893333333333
2666.6019004584523  4113.02862783242
2736.443333333333   4077.2166666666667
2729.691666666667   4117.306666666666
2554.970665507822   4191.133978147504
2572.4166666666665  4148.906666666667
2375.521394255222   7332.446804082952
2414.051983630236   7298.916913818007
2364.298333333333   7295.423333333333
2340.0996366624854  7338.818021108179
2451.51485491976    7368.913460852651
2428.1433333333334  7414.5633333333335
2377.696339607529   7409.289134961955
4925.204126738594   7791.109455869533
4948.956666666666   7745.820000000001
4905.413333333334   7734.5233333333335
4882.224477748891   7780.109668144976
4994.665627835987   7811.0850569259965
4975.110000000001   7863.626666666667
4923.36971045413    7856.450813776288
4888.956634021946   8610.36552505754
4840.145833333334   8594.499166666666
4818.3763858093125  8639.30211751663
4968.973333333333   8525.096666666666
5031.542199349946   8523.72443661972
5011.416666666667   8568.5    
6072.115815136698   8790.479389109649
5934.216666666666   8868.193333333333
6138.813574546898   8793.648760418044
6475.999372188817   10222.589152744971
6500.059166666667   10238.514166666666
6522.257802261525   10194.232835604524
6310.6225           10340.453333333333
5692.936563911731   13973.34783374425
5680.053333333333   14003.836666666666
5615.3312383962075  14006.385980643887
5637.346666666666   13962.093333333334
6620.168733395054   11354.860501392744
6524.266666666666   11372.710000000001
6536.12             11431.626666666665
6488.307062675398   11424.572123479888
6654.34             11302.84  
6701.935435821993   11309.302692166237
1500.3043362532044  3833.1972788730636
1494.28             3818.71   
1476.0966666666668  3852.3333333333335
1511.6666666666667  3855.603333333333
1447.92             3908.0666666666666
2357.0069159752456  5784.157077741809
2375.6133333333332  5745.836666666667
2334.35             5767.516666666666
2315.306666666667   5842.723333333333
4447.4497952980455  5933.140449919738
4410.36             5873.166666666666
4453.399862727044   5929.9559630032645
4459.96             5965.356666666667
2359.0565408432158  7161.065284753218
2557.2666666666664  7084.183333333333
2318.9866666666667  7211.983333333334
3437.085727286176   8116.268434722908
3414.016666666667   8125.6    
3422.0366666666664  8101.703333333333
5149.303911603638   8250.921558384784
5019.256739427013   8349.408935879945
5066.26             8355.5    
5225.047569596497   8239.053215514547
5201.1466666666665  8283.003333333334
5819.86299815739    9055.395854724571
5888.453333333334   9102.88   
5908.333333333333   9058.713333333333
5698.6033333333335  9203.905833333334
6034.0993006945355  9349.142048029229
5988.874359160029   9376.05950967208
6037.98             9378.266666666666
6238.116666666667   9267.533333333333
7149.211663905531   11447.119681507349
6941.029166666666   11511.228333333333
7132.563333333334   11406.7575
7183.390194174757   11412.138932038835
7014.345785011072   11652.22996329423
7028.097028676022   11586.72470408786
6989.6466666666665  11600.723333333333
7071.297317842498   11657.249903795606
7049.529444444444   11708.80388888889
6997.5948972188635  11704.545214631198
5324.292523717275   11653.275401869789
5306.579999999999   11608.041666666666
5292.946666666667   11569.671666666667
5213.087518917047   13125.583508159034
5314.68             13035.16  
5324.336666666667   13094.758333333333
5362.608931242021   13041.870625569944
5202.616666666667   13135.03  
5165.583369170718   13148.063235636513
5189.696666666667   13117.703333333333
3695.4385563384276  5489.5767117049545
3686.3833333333337  5482.2    
3671.3250000000003  5437.053333333333
3652.4466666666667  5479.246666666667
4044.984409696306   6463.604300579056
4031.0293258426964  6517.337078651685
4077.4633333333336  6524.868333333333
4005.173333333333   6441.8533333333335
4622.026814259938   8471.472444954328
4771.606666666667   8393.616666666667
4734.013333333333   8398.556666666667
4569.587092125579   8502.970283067421
4591.423333333333   8458.966666666667
6971.67515456758    10620.306774859317
6927.0597537374815  10629.09919541342
6948.826666666667   10584.641666666666
6994.606666666667   10669.75  
6479.695215348038   10656.735375195742
6491.407895684378   10588.662883082145
6442.2508333333335  10582.69  
6530.005780586346   10660.141421319797
6508.076666666667   10704.700833333332
6569.1710843251785  10917.818267617375
6644.857836592608   10873.129497286782
6595.670833333333   10867.0   
6438.668501958977   10984.333148190828
6459.2              10940.85  
8136.515331827337   13025.141045078635
8272.386486814186   12950.465383449531
8230.439999999999   12961.119999999999
7998.72356468829    13097.863486309492
8028.3975           13068.2275
1650.4599948131945  3076.611933235079
1541.44             2887.6366666666668
3552.2355636934517  5096.690708171576
3703.0983333333334  5047.046666666666
3725.6885127201567  5003.5976125244615
3538.605            5138.123333333334
3488.9651800332367  5133.448675447775
3512.596666666667   5081.7    
2124.139260462136   6392.360887473449
2131.3166666666666  6424.513333333333
2165.51             6400.371967963387
2125.2033333333334  6310.003333333334
2162.1              6334.508507462687
2392.852259319625   7233.723231361248
2328.9333333333334  7230.471666666666
3544.888756289729   7786.661502056755
3610.14             7872.973333333333
3556.2197286883293  7861.7567386986575
3540.8824999999997  7744.89   
4730.521178804571   8079.49471181538
4816.066666666667   8280.08   
4677.7266666666665  8009.89   
6228.873982544406   10911.55124446936
6300.384615384615   10875.996923076924
6252.503333333333   10869.02  
6264.51             10927.873333333333
6135.816666666667   10996.563333333334
6088.261208791208   10990.115164835164
3999.441748796962   11088.821186929941
4116.052123041541   11031.898105505246
4083.736666666666   11070.758333333333
4035.3849999999998  11065.791666666666
4068.5499999999997  11024.83  
3984.3766666666666  11134.593333333334
3960.39             11110.463333333333
4006.19             11081.228333333334
3052.5992712712614  4042.707382261753
3075.9366666666665  4022.0116666666668
3084.124094969082   3977.841271852813
3115.47             4011.5366666666664
3010.9883333333332  4057.5350000000003
3018.4652112676054  4006.4797366809553
3057.588333333333   4030.013333333334
6952.0833320687525  4320.057534064166
7043.650415081287   4367.254254583189
7055.7266666666665  4304.506666666667
7087.044410384736   4337.412211448233
6859.783333333333   4323.606666666667
6849.41             4293.820000000001
2863.446940094116   5801.345882821828
2973.4222352863467  5731.863309333509
2961.4900000000002  5779.53   
2834.455            5855.831666666667
2797.0633333333335  5842.65   
4193.595419472549   7077.4985548797995
4193.344271729457   7157.109121922278
4239.238333333334   7164.173333333334
4156.632485207101   7088.038964497042
4175.473333333333   7044.39   
3758.797141792602   7584.953879951499
3724.115607653242   7587.59211881422
3746.1533333333336  7544.486666666666
3811.6133333333332  7663.025  
4745.444779509562   7777.021530430764
4748.384416440481   7851.280403257077
4797.3              7857.553333333333
4733.423333333333   7738.63   
4781.233954542022   7745.483616250094
4010.8875500492286  10880.00892560929
4007.03             10927.261666666667
3959.3835034060894  10917.95092868066
3981.0789396730374  10865.235983191342
4024.445596456295   10948.22267880477
3998.185635801346   10989.33147535019
4039.2933333333335  10987.508333333333
4070.091963251951   10952.232579914422
3961.1667392359427  10920.605995978645
3975.4572549076047  10868.294464049279
4031.2880122799515  10879.796321843547
7106.843993839226   11926.013586720452
7188.930100026323   11875.083082390103
7136.78             11871.306666666667
6981.548928818244   11988.392317438378
7001.036666666667   11945.328333333333
5286.167614545324   12255.240373112261
5080.583333333333   12333.205 
5320.129166666667   12204.425833333333
5369.18158409593    12209.970470179867
7521.930305257207   14999.49949300848
7427.428293254658   15049.493428040254
7511.538561405688   15009.726988078977
7465.106666666667   15005.433333333334
7473.08             15052.266666666666
7688.123333333333   14872.99  
7732.806666666666   14925.356666666667
7671.601438594313   14923.968011921022
6920.125232275925   15003.591613190249
6836.069295126211   14915.613678361646
6852.846666666666   14872.140000000001
1984.6242231247015  3441.296975889243
2096.701666666667   3396.8083333333334
2117.3078004073323  3354.502382892057
1980.3666666666666  3465.2966666666666
3629.1303153604968  4895.2931932853535
3643.8              4937.8    
3574.642537188701   4896.567527995989
3605.775            4869.3425 
4275.736811016221   5621.509041542187
4458.536666666667   5519.26   
4266.083333333333   5607.5575 
4222.581090804707   5611.683659936848
3998.9272311195964  6992.868715709075
4110.44             6901.826666666667
4128.006666666666   6955.996666666667
4156.456454774989   6908.8262735779
3994.81             7027.92   
3947.4758734850725  7021.875051729235
3725.5592157883802  7010.587751258165
3730.5133333333333  6936.13   
3741.8566666666666  6953.95   
3538.1303047081456  7133.10919264704
3521.455            7130.7925000000005
3499.4119298593223  7174.6171587081435
3720.3266666666664  7055.746666666667
4822.104096585535   8117.533196752891
4816.066666666667   8280.08   
4845.826666666667   8298.543333333333
4677.7266666666665  8009.89   
5509.431834494346   9007.550276163034
5443.3966666666665  9056.863333333333
5398.961420936813   9062.622511788746
5610.075668378421   8949.477554661444
5585.5633333333335  8995.79388888889
3532.471103766933   9241.351583199576
3695.1133333333332  9186.23   
3717.3589686807973  9142.508744068333
3453.8866666666668  9316.24   
3406.5198579937673  9310.16914204568
5344.910397441359   9452.483878728002
5299.026666666667   9444.906666666668
5278.262592592592   9488.205294117646
5427.33             9376.113333333333
5490.4332688320665  9374.367470628888
5469.783333333333   9417.69   
6434.802267893567   10060.004723553546
6608.416111111111   9954.220000000001
6376.191501689016   10089.87694953424
6401.083333333333   10050.775833333333
3630.6243739800993  10196.273315975443
3634.8133333333335  10226.646666666666
3588.7033333333334  10221.206666666667
3611.4366666666665  10190.056666666667
4604.696382722817   10481.668775954284
4692.755            10468.958333333332
4671.585            10415.716666666667
4430.780000000001   10551.98  
7073.84606723045    11306.658907086588
6866.889166666667   11369.396666666666
7056.7625           11266.954999999998
7107.128453936268   11271.91621269826
7780.938588822959   12755.153189144097
7612.570858085808   12841.082321232123
7635.2699999999995  12795.070000000002
7826.048333333333   12693.305 
7876.929883726563   12699.050690373528
6795.571030816063   16100.911704412661
6801.058333333333   16084.02  
6811.21             16142.463333333333
6847.094029224733   16091.153532674876
6754.0233333333335  16036.83  
6809.910088067876   16021.992061003115
6790.461666666667   16064.335 
2191.6336764212465  3094.250745818019
2171.6633333333334  3041.286666666667
2195.5033333333336  3024.7366666666667
2118.0866666666666  3187.9933333333333
2079.1719570909704  3192.5606588394294
2729.1673440109007  4538.950104598887
2804.6876904842534  4669.368218760583
2807.1141666666667  4620.121666666667
2697.839442586399   4499.573745819398
2734.3066666666664  4520.650000000001
3022.6972643842455  4893.787046880461
3134.5558333333333  5000.503333333334
3125.7366666666667  5029.233333333333
3076.1766666666667  5008.216666666666
2998.0166666666664  4881.713333333333
3004.2544441460795  4835.563815789474
2630.1900687279413  5295.654744322412
2590.9933333333333  5298.54   
2635.1              5259.3966666666665
2669.103333333333   5263.493333333334
3036.576405458036   6466.895733210258
3113.9691666666663  6374.345  
3163.5400432722026  6380.898778075418
2852.0687298067787  6549.270639847957
2878.9666666666667  6517.26   
2459.395631804364   6771.629951477051
2402.1633333333334  6793.683333333333
2397.3866666666668  6761.26   
4696.629863649607   7973.850516070612
4626.803112251283   7876.950212739332
4611.263333333333   7837.1    
4720.928309244848   8017.322049089199
4674.826887748717   7964.459787260668
5732.206385503174   8678.659664816223
5685.131666666666   8726.988333333333
5641.381583230712   8737.693013867323
5919.570686223154   8587.358465165009
5889.126666666667   8620.076666666666
3313.7208602747414  9067.53260381706
3276.0866666666666  8986.706666666667
3323.7217647058824  8993.29294117647
3361.862557181529   9063.997956765665
3341.543333333333   9108.033333333335
4507.899664372206   10466.220055718906
4367.762750588851   10520.850308819681
4407.740000000001   10509.660833333333
4628.005            10348.395 
4660.61             10395.388333333332
6891.6222444622545  10503.773415920325
6872.323333333333   10443.085 
6850.3355327789595  10487.479992264552
6918.693333333334   10529.119999999999
6769.31174348772    10900.665306513198
6689.79344262295    10949.747704918032
6610.858481244281   10987.025649588288
6639.8966666666665  10949.083333333334
6824.501666666667   10836.404166666665
6876.042515637217   10843.782890930415
6804.446557377049   10887.792295081968
4605.044525019359   12045.431297798641
4444.333882479206   12162.205541990877
4612.263333333333   12047.003333333334
4661.17             12037.914999999999
4633.72             12080.143333333333
4588.2861175207945  12084.434458009122
2853.8204551045783  5927.245363180526
2846.6025           5878.033333333334
2856.06             5933.786666666667
2976.75             5803.59   
3026.240735162026   5815.488374214054
3567.9339443156496  7206.837143654004
3752.43             7159.366666666667
3585.653333333333   7249.63   
3534.8940076154217  7243.990609233699
3461.494329918525   8740.270277788863
3418.6265982636146  8761.864700078926
3448.076666666667   8728.416666666666
6164.148594826926   9188.144419929013
6001.463333333333   9310.566666666666
6226.335160207667   9157.489085426609
6202.823333333334   9202.576666666668
2552.1410796574783  2869.5177765283734
2873.2016391730867  4426.237836286426
2812.8766666666666  4329.37   
2869.06             4433.253333333333
2871.9541335227273  4473.280390625
3453.6665837025503  7002.909789240919
3404.5466666666666  6913.8966666666665
3495.843116615067   6997.995665634675
3473.4366666666665  7041.838333333333
4386.138286297792   7730.43158494588
4395.331305892347   7685.182646536412
4345.724166666667   7678.58   
4430.99136835675    7755.082565668907
4410.576666666667   7799.733333333333
5624.335163241602   8583.796033161692
5679.43446722104    8628.028557339007
5655.26             8671.706666666667
5591.35             8551.0    
5641.953070751277   8555.837060539752
